wav_file,json_distance,wav_predicted_distance,json_decibel,wav_predicted_decibel,json_direction,wav_predicted_direction,match_distance,match_decibel,match_direction
1.자동차_1000_1.wav,30m,3.9m,122.0,73.2,우,왼쪽,False,False,False
1.자동차_1001_1.wav,10m,3.2m,105.0,74.8,좌,오른쪽,False,False,False
1.자동차_1008_1.wav,13m,10.2m,71.0,64.8,우,오른쪽,True,False,False
1.자동차_1010_1.wav,10m,6.4m,74.0,68.8,좌,오른쪽,True,False,False
1.자동차_1011_1.wav,24m,2.9m,120.0,75.7,우,오른쪽,False,False,False
1.자동차_1012_1.wav,10m,9.9m,70.0,65.1,좌,왼쪽,True,True,False
1.자동차_1013_1.wav,24m,8.0m,69.0,67.0,우,오른쪽,False,True,False
1.자동차_1017_1.wav,1m,2.6m,106.0,76.6,우,왼쪽,True,False,False
1.자동차_1018_1.wav,2m,3.1m,126.0,75.2,우,오른쪽,True,False,False
1.자동차_1020_1.wav,10m,9.3m,70.0,65.6,좌,왼쪽,True,True,False
1.자동차_1025_1.wav,30m,5.1m,121.0,70.9,우,왼쪽,False,False,False
1.자동차_1028_1.wav,10m,3.9m,112.0,73.2,좌,왼쪽,False,False,False
1.자동차_102_1.wav,10m,1.2m,118.0,83.7,좌,왼쪽,False,False,False
1.자동차_1030_1.wav,10m,5.9m,69.0,69.6,우,오른쪽,True,True,False
1.자동차_1033_1.wav,11m,6.7m,72.0,68.4,우,오른쪽,True,True,False
1.자동차_1040_1.wav,24m,3.5m,93.0,74.0,우,오른쪽,False,False,False
1.자동차_1041_1.wav,1m,4.3m,110.0,72.2,우,오른쪽,True,False,False
1.자동차_1045_1.wav,30m,4.0m,93.0,73.0,우,왼쪽,False,False,False
1.자동차_1046_1.wav,25m,3.7m,101.0,73.6,우,오른쪽,False,False,False
1.자동차_1047_1.wav,12m,10.5m,71.0,64.6,우,오른쪽,True,False,False
1.자동차_1050_1.wav,9m,4.2m,121.0,72.5,좌,오른쪽,True,False,False
1.자동차_1052_1.wav,1m,4.1m,118.0,72.8,우,오른쪽,True,False,False
1.자동차_1053_1.wav,2m,4.4m,97.0,72.1,좌,왼쪽,True,False,False
1.자동차_1054_1.wav,10m,5.3m,91.0,70.5,좌,오른쪽,True,False,False
1.자동차_1056_1.wav,10m,5.5m,81.0,70.1,우,오른쪽,True,False,False
1.자동차_1058_1.wav,10m,13.1m,75.0,62.6,좌,왼쪽,True,False,False
1.자동차_1060_1.wav,10m,4.0m,118.0,72.9,좌,오른쪽,False,False,False
1.자동차_1061_1.wav,10m,4.7m,88.0,71.6,우,왼쪽,False,False,False
1.자동차_1062_1.wav,10m,2.8m,115.0,76.0,우,왼쪽,False,False,False
1.자동차_1063_1.wav,3m,4.2m,118.0,72.5,우,오른쪽,True,False,False
1.자동차_1064_1.wav,60m,11.9m,68.0,63.5,우,오른쪽,False,True,False
1.자동차_1065_1.wav,15m,5.1m,76.0,70.8,우,왼쪽,False,False,False
1.자동차_1066_1.wav,30m,7.3m,82.0,67.7,우,왼쪽,False,False,False
1.자동차_1067_1.wav,13m,3.7m,106.0,73.6,우,오른쪽,False,False,False
1.자동차_1069_1.wav,25m,7.8m,92.0,67.2,우,오른쪽,False,False,False
1.자동차_106_1.wav,10m,4.3m,71.0,72.3,우,왼쪽,False,True,False
1.자동차_1070_1.wav,10m,10.3m,72.0,64.7,좌,왼쪽,True,False,False
1.자동차_1071_1.wav,5m,4.1m,98.0,72.8,우,오른쪽,True,False,False
1.자동차_1075_1.wav,30m,4.9m,124.0,71.2,우,왼쪽,False,False,False
1.자동차_1076_1.wav,10m,4.3m,81.0,72.4,우,왼쪽,False,False,False
1.자동차_1077_1.wav,10m,10.2m,71.0,64.8,좌,왼쪽,True,False,False
1.자동차_1079_1.wav,10m,5.4m,95.0,70.3,좌,오른쪽,True,False,False
1.자동차_1080_1.wav,5m,3.0m,119.0,75.5,우,오른쪽,True,False,False
1.자동차_1082_1.wav,12m,9.1m,73.0,65.8,우,오른쪽,True,False,False
1.자동차_1085_1.wav,30m,8.1m,75.0,66.8,우,왼쪽,False,False,False
1.자동차_1087_1.wav,30m,4.4m,88.0,72.1,우,왼쪽,False,False,False
1.자동차_1088_1.wav,24m,5.2m,101.0,70.7,우,오른쪽,False,False,False
1.자동차_108_1.wav,8m,3.4m,89.0,74.3,우,왼쪽,True,False,False
1.자동차_1091_1.wav,11m,7.9m,74.0,67.0,우,오른쪽,True,False,False
1.자동차_1093_1.wav,10m,5.4m,69.0,70.3,우,왼쪽,True,True,False
1.자동차_1094_1.wav,10m,10.6m,73.0,64.5,좌,왼쪽,True,False,False
1.자동차_1095_1.wav,10m,5.8m,85.0,69.7,우,오른쪽,True,False,False
1.자동차_1096_1.wav,24m,3.2m,107.0,75.0,우,오른쪽,False,False,False
1.자동차_1098_1.wav,30m,4.8m,73.0,71.4,우,왼쪽,False,True,False
1.자동차_1100_1.wav,10m,10.4m,74.0,64.7,좌,오른쪽,True,False,False
1.자동차_1108_1.wav,10m,3.6m,105.0,74.0,좌,오른쪽,False,False,False
1.자동차_110_1.wav,1m,1.7m,113.0,80.4,좌,왼쪽,True,False,False
1.자동차_1110_1.wav,2m,9.2m,71.0,65.7,우,오른쪽,False,False,False
1.자동차_1113_1.wav,10m,4.1m,119.0,72.8,우,왼쪽,False,False,False
1.자동차_1114_1.wav,1m,8.3m,102.0,66.7,우,오른쪽,False,False,False
1.자동차_1115_1.wav,2m,3.1m,110.0,75.1,좌,오른쪽,True,False,False
1.자동차_1116_1.wav,24m,4.4m,113.0,72.2,우,오른쪽,False,False,False
1.자동차_1118_1.wav,5m,4.8m,76.0,71.5,우,오른쪽,True,True,False
1.자동차_111_1.wav,10m,3.7m,70.0,73.7,우,왼쪽,False,True,False
1.자동차_1120_1.wav,2m,3.3m,120.0,74.6,좌,오른쪽,True,False,False
1.자동차_1121_1.wav,10m,3.5m,108.0,74.2,우,왼쪽,False,False,False
1.자동차_1122_1.wav,30m,8.0m,73.0,66.9,우,오른쪽,False,False,False
1.자동차_1125_1.wav,3m,1.8m,121.0,80.1,좌,오른쪽,True,False,False
1.자동차_1126_1.wav,24m,3.9m,89.0,73.2,우,오른쪽,False,False,False
1.자동차_1127_1.wav,10m,2.9m,111.0,75.7,우,왼쪽,False,False,False
1.자동차_1128_1.wav,10m,3.7m,102.0,73.6,우,오른쪽,False,False,False
1.자동차_112_1.wav,10m,3.6m,89.0,73.9,우,오른쪽,False,False,False
1.자동차_1130_1.wav,10m,3.6m,117.0,74.0,우,오른쪽,False,False,False
1.자동차_1132_1.wav,10m,5.1m,87.0,70.9,우,왼쪽,True,False,False
1.자동차_1133_1.wav,10m,3.9m,125.0,73.3,좌,오른쪽,False,False,False
1.자동차_1134_1.wav,13m,4.0m,85.0,73.1,우,오른쪽,False,False,False
1.자동차_1136_1.wav,10m,3.6m,107.0,73.9,우,왼쪽,False,False,False
1.자동차_1138_1.wav,13m,10.6m,69.0,64.5,우,오른쪽,True,True,False
1.자동차_1139_1.wav,10m,6.3m,72.0,69.0,우,오른쪽,True,True,False
1.자동차_1141_1.wav,10m,12.4m,72.0,63.1,좌,왼쪽,True,False,False
1.자동차_1142_1.wav,1m,3.3m,114.0,74.6,우,왼쪽,True,False,False
1.자동차_1143_1.wav,10m,5.9m,86.0,69.5,우,오른쪽,True,False,False
1.자동차_1144_1.wav,10m,3.3m,128.0,74.5,우,왼쪽,False,False,False
1.자동차_1148_1.wav,11m,9.0m,69.0,65.9,우,오른쪽,True,True,False
1.자동차_1149_1.wav,15m,6.0m,73.0,69.5,우,왼쪽,False,True,False
1.자동차_114_1.wav,10m,3.1m,89.0,75.2,우,오른쪽,False,False,False
1.자동차_1150_1.wav,30m,7.6m,68.0,67.3,우,왼쪽,False,True,False
1.자동차_1151_1.wav,11m,4.6m,71.0,71.8,우,오른쪽,False,True,False
1.자동차_1153_1.wav,10m,6.2m,71.0,69.2,좌,오른쪽,True,True,False
1.자동차_1155_1.wav,10m,3.2m,101.0,74.8,좌,오른쪽,False,False,False
1.자동차_1156_1.wav,3m,2.3m,115.0,78.0,좌,왼쪽,True,False,False
1.자동차_1159_1.wav,10m,2.5m,101.0,77.2,우,왼쪽,False,False,False
1.자동차_1161_1.wav,30m,6.6m,69.0,68.6,우,왼쪽,False,True,False
1.자동차_1164_1.wav,10m,7.7m,71.0,67.3,좌,왼쪽,True,True,False
1.자동차_1165_1.wav,30m,4.1m,102.0,72.7,우,왼쪽,False,False,False
1.자동차_1166_1.wav,5m,4.1m,90.0,72.7,우,오른쪽,True,False,False
1.자동차_1169_1.wav,13m,11.2m,68.0,64.0,우,오른쪽,True,True,False
1.자동차_116_1.wav,10m,1.6m,117.0,81.1,우,오른쪽,False,False,False
1.자동차_1170_1.wav,25m,3.8m,117.0,73.4,우,오른쪽,False,False,False
1.자동차_1171_1.wav,10m,4.9m,116.0,71.1,우,오른쪽,False,False,False
1.자동차_1174_1.wav,12m,18.8m,74.0,59.5,우,오른쪽,False,False,False
1.자동차_1175_1.wav,13m,5.0m,73.0,70.9,우,왼쪽,False,True,False
1.자동차_1176_1.wav,10m,4.5m,109.0,71.9,우,오른쪽,False,False,False
1.자동차_1177_1.wav,10m,7.9m,69.0,67.1,좌,왼쪽,True,True,False
1.자동차_1178_1.wav,5m,3.2m,115.0,74.9,우,오른쪽,True,False,False
1.자동차_1179_1.wav,10m,10.6m,72.0,64.5,좌,왼쪽,True,False,False
1.자동차_1182_1.wav,10m,3.1m,119.0,75.3,우,왼쪽,False,False,False
1.자동차_1183_1.wav,13m,8.7m,73.0,66.2,우,왼쪽,True,False,False
1.자동차_1184_1.wav,13m,4.3m,82.0,72.3,우,왼쪽,False,False,False
1.자동차_1185_1.wav,30m,6.6m,101.0,68.6,우,오른쪽,False,False,False
1.자동차_1187_1.wav,1m,3.5m,122.0,74.1,우,왼쪽,True,False,False
1.자동차_1188_1.wav,5m,3.9m,88.0,73.2,우,오른쪽,True,False,False
1.자동차_1189_1.wav,10m,9.7m,68.0,65.3,좌,왼쪽,True,True,False
1.자동차_1193_1.wav,10m,5.0m,73.0,71.0,우,왼쪽,False,True,False
1.자동차_1196_1.wav,18m,6.0m,72.0,69.4,우,오른쪽,False,True,False
1.자동차_1198_1.wav,13m,6.9m,75.0,68.2,우,왼쪽,False,False,False
1.자동차_1201_1.wav,10m,9.9m,72.0,65.0,우,왼쪽,True,False,False
1.자동차_1202_1.wav,30m,7.0m,75.0,68.1,우,왼쪽,False,False,False
1.자동차_1205_1.wav,1m,7.7m,74.0,67.2,우,오른쪽,False,False,False
1.자동차_1208_1.wav,12m,6.0m,69.0,69.5,우,오른쪽,False,True,False
1.자동차_1210_1.wav,12m,3.4m,106.0,74.4,우,오른쪽,False,False,False
1.자동차_1211_1.wav,10m,5.6m,70.0,70.0,우,오른쪽,True,True,False
1.자동차_1216_1.wav,5m,4.2m,81.0,72.6,우,오른쪽,True,False,False
1.자동차_1217_1.wav,30m,3.9m,118.0,73.3,우,왼쪽,False,False,False
1.자동차_1218_1.wav,10m,12.9m,75.0,62.8,우,왼쪽,True,False,False
1.자동차_1219_1.wav,3m,3.8m,101.0,73.3,우,오른쪽,True,False,False
1.자동차_1220_1.wav,15m,5.6m,71.0,70.0,우,왼쪽,False,True,False
1.자동차_1221_1.wav,3m,2.1m,125.0,78.6,좌,왼쪽,True,False,False
1.자동차_1223_1.wav,18m,10.1m,70.0,65.0,우,오른쪽,False,False,False
1.자동차_1227_1.wav,10m,4.5m,73.0,71.9,좌,오른쪽,False,True,False
1.자동차_1231_1.wav,10m,4.7m,82.0,71.5,우,오른쪽,False,False,False
1.자동차_1233_1.wav,10m,4.7m,111.0,71.5,우,왼쪽,False,False,False
1.자동차_1236_1.wav,10m,9.0m,110.0,65.9,좌,왼쪽,True,False,False
1.자동차_1237_1.wav,10m,4.1m,107.0,72.6,좌,오른쪽,False,False,False
1.자동차_1238_1.wav,10m,4.7m,86.0,71.6,좌,오른쪽,False,False,False
1.자동차_1242_1.wav,3m,1.2m,116.0,83.7,우,왼쪽,True,False,False
1.자동차_1243_1.wav,11m,5.2m,68.0,70.6,우,오른쪽,False,True,False
1.자동차_1246_1.wav,13m,5.1m,74.0,70.8,우,왼쪽,False,True,False
1.자동차_1247_1.wav,20m,5.2m,69.0,70.6,우,오른쪽,False,True,False
1.자동차_1250_1.wav,12m,3.9m,94.0,73.2,우,오른쪽,False,False,False
1.자동차_1253_1.wav,10m,9.4m,75.0,65.6,좌,왼쪽,True,False,False
1.자동차_1256_1.wav,10m,4.8m,79.0,71.4,우,오른쪽,False,False,False
1.자동차_1258_1.wav,13m,7.6m,71.0,67.4,우,왼쪽,False,True,False
1.자동차_1259_1.wav,5m,4.0m,105.0,73.0,우,오른쪽,True,False,False
1.자동차_1266_1.wav,24m,4.8m,83.0,71.4,우,오른쪽,False,False,False
1.자동차_1267_1.wav,10m,5.1m,69.0,70.8,우,오른쪽,True,True,False
1.자동차_1270_1.wav,10m,4.2m,108.0,72.5,좌,오른쪽,False,False,False
1.자동차_1272_1.wav,11m,4.7m,68.0,71.5,우,오른쪽,False,True,False
1.자동차_1273_1.wav,10m,9.5m,72.0,65.4,좌,왼쪽,True,False,False
1.자동차_1274_1.wav,10m,9.7m,71.0,65.2,좌,왼쪽,True,False,False
1.자동차_1275_1.wav,10m,4.0m,122.0,73.0,우,왼쪽,False,False,False
1.자동차_1276_1.wav,20m,5.1m,68.0,70.9,우,오른쪽,False,True,False
1.자동차_1277_1.wav,30m,3.7m,108.0,73.7,우,왼쪽,False,False,False
1.자동차_127_1.wav,10m,1.5m,111.0,81.5,좌,왼쪽,False,False,False
1.자동차_1281_1.wav,30m,7.0m,71.0,68.2,우,왼쪽,False,True,False
1.자동차_1283_1.wav,1m,5.1m,116.0,70.9,우,오른쪽,True,False,False
1.자동차_1284_1.wav,5m,5.1m,80.0,70.9,우,오른쪽,True,False,False
1.자동차_1287_1.wav,3m,2.2m,100.0,78.3,좌,왼쪽,True,False,False
1.자동차_128_1.wav,10m,11.5m,74.0,63.8,우,오른쪽,True,False,False
1.자동차_1290_1.wav,13m,4.2m,79.0,72.4,우,왼쪽,False,False,False
1.자동차_1291_1.wav,1m,9.3m,73.0,65.7,우,오른쪽,False,False,False
1.자동차_1294_1.wav,5m,4.5m,110.0,71.9,우,오른쪽,True,False,False
1.자동차_1295_1.wav,10m,6.0m,83.0,69.4,우,오른쪽,True,False,False
1.자동차_1296_1.wav,10m,5.3m,74.0,70.6,우,왼쪽,True,True,False
1.자동차_1298_1.wav,10m,3.8m,119.0,73.3,좌,오른쪽,False,False,False
1.자동차_129_1.wav,6m,4.5m,69.0,71.9,우,오른쪽,True,True,False
1.자동차_12_1.wav,10m,6.9m,70.0,68.2,우,왼쪽,True,True,False
1.자동차_1300_1.wav,5m,3.6m,103.0,73.8,우,오른쪽,True,False,False
1.자동차_1301_1.wav,12m,7.0m,74.0,68.1,우,오른쪽,True,False,False
1.자동차_1302_1.wav,15m,5.9m,98.0,69.6,우,왼쪽,False,False,False
1.자동차_1303_1.wav,2m,3.5m,119.0,74.1,우,오른쪽,True,False,False
1.자동차_1304_1.wav,10m,3.6m,108.0,73.8,우,오른쪽,False,False,False
1.자동차_1305_1.wav,25m,6.5m,72.0,68.7,우,오른쪽,False,True,False
1.자동차_1306_1.wav,13m,7.0m,69.0,68.1,우,왼쪽,False,True,False
1.자동차_1307_1.wav,30m,7.8m,72.0,67.2,우,왼쪽,False,True,False
1.자동차_1308_1.wav,12m,12.5m,69.0,63.1,우,오른쪽,True,False,False
1.자동차_1309_1.wav,30m,4.1m,119.0,72.6,우,왼쪽,False,False,False
1.자동차_1312_1.wav,13m,4.7m,74.0,71.6,우,왼쪽,False,True,False
1.자동차_1313_1.wav,5m,3.7m,80.0,73.6,우,오른쪽,True,False,False
1.자동차_1314_1.wav,9m,4.2m,114.0,72.6,좌,오른쪽,True,False,False
1.자동차_1316_1.wav,13m,2.9m,118.0,75.7,우,왼쪽,False,False,False
1.자동차_131_1.wav,75m,8.0m,73.0,67.0,우,왼쪽,False,False,False
1.자동차_1322_1.wav,10m,5.3m,70.0,70.5,우,오른쪽,True,True,False
1.자동차_1323_1.wav,10m,3.8m,76.0,73.5,좌,오른쪽,False,True,False
1.자동차_1324_1.wav,2m,3.9m,109.0,73.2,좌,왼쪽,True,False,False
1.자동차_1326_1.wav,10m,4.3m,111.0,72.3,좌,오른쪽,False,False,False
1.자동차_1327_1.wav,2m,3.8m,121.0,73.4,좌,오른쪽,True,False,False
1.자동차_1329_1.wav,10m,5.3m,74.0,70.6,좌,왼쪽,True,True,False
1.자동차_1330_1.wav,10m,2.5m,105.0,77.2,우,오른쪽,False,False,False
1.자동차_1331_1.wav,13m,7.2m,103.0,67.8,우,오른쪽,False,False,False
1.자동차_133_1.wav,20m,2.5m,114.0,77.2,좌,왼쪽,False,False,False
1.자동차_1342_1.wav,10m,3.9m,101.0,73.2,우,왼쪽,False,False,False
1.자동차_1343_1.wav,11m,6.9m,75.0,68.3,우,오른쪽,True,False,False
1.자동차_1349_1.wav,24m,4.7m,106.0,71.5,우,오른쪽,False,False,False
1.자동차_1350_1.wav,13m,4.8m,73.0,71.5,우,왼쪽,False,True,False
1.자동차_1351_1.wav,13m,7.6m,87.0,67.4,우,오른쪽,False,False,False
1.자동차_1354_1.wav,10m,4.7m,95.0,71.5,우,오른쪽,False,False,False
1.자동차_1356_1.wav,10m,6.4m,70.0,68.9,좌,오른쪽,True,True,False
1.자동차_1357_1.wav,10m,4.7m,72.0,71.5,좌,오른쪽,False,True,False
1.자동차_1360_1.wav,1m,4.1m,110.0,72.8,우,오른쪽,True,False,False
1.자동차_1361_1.wav,30m,5.4m,102.0,70.4,우,왼쪽,False,False,False
1.자동차_1364_1.wav,9m,4.0m,82.0,72.9,좌,오른쪽,True,False,False
1.자동차_1371_1.wav,2m,4.6m,99.0,71.7,좌,왼쪽,True,False,False
1.자동차_1373_1.wav,5m,4.1m,77.0,72.7,우,오른쪽,True,True,False
1.자동차_1374_1.wav,30m,3.8m,106.0,73.4,우,왼쪽,False,False,False
1.자동차_1375_1.wav,10m,8.5m,69.0,66.4,좌,왼쪽,True,True,False
1.자동차_1376_1.wav,2m,5.2m,87.0,70.7,좌,오른쪽,True,False,False
1.자동차_1377_1.wav,1m,4.9m,84.0,71.1,우,오른쪽,True,False,False
1.자동차_1378_1.wav,12m,5.9m,69.0,69.6,우,오른쪽,False,True,False
1.자동차_1379_1.wav,30m,5.1m,95.0,70.9,우,왼쪽,False,False,False
1.자동차_1380_1.wav,1m,12.8m,71.0,62.9,우,오른쪽,False,False,False
1.자동차_1385_1.wav,9m,4.5m,115.0,71.9,좌,왼쪽,True,False,False
1.자동차_1387_1.wav,9m,4.3m,106.0,72.3,좌,오른쪽,True,False,False
1.자동차_138_1.wav,6m,3.3m,75.0,74.6,우,왼쪽,True,True,False
1.자동차_1390_1.wav,13m,4.9m,73.0,71.2,우,왼쪽,False,True,False
1.자동차_1391_1.wav,10m,5.1m,99.0,70.8,좌,오른쪽,True,False,False
1.자동차_1392_1.wav,13m,5.1m,80.0,70.8,우,왼쪽,False,False,False
1.자동차_1393_1.wav,1m,4.2m,119.0,72.5,우,오른쪽,True,False,False
1.자동차_1397_1.wav,60m,11.1m,73.0,64.1,우,오른쪽,False,False,False
1.자동차_1398_1.wav,10m,2.5m,107.0,77.1,우,오른쪽,False,False,False
1.자동차_139_1.wav,10m,3.8m,78.0,73.3,우,왼쪽,False,True,False
1.자동차_1401_1.wav,13m,8.9m,68.0,66.0,우,왼쪽,True,True,False
1.자동차_1404_1.wav,11m,9.7m,71.0,65.2,우,오른쪽,True,False,False
1.자동차_1405_1.wav,10m,5.7m,70.0,69.9,우,오른쪽,True,True,False
1.자동차_1406_1.wav,13m,8.1m,74.0,66.8,우,왼쪽,True,False,False
1.자동차_1407_1.wav,10m,5.3m,110.0,70.5,우,왼쪽,True,False,False
1.자동차_1410_1.wav,5m,3.6m,85.0,73.9,우,오른쪽,True,False,False
1.자동차_1411_1.wav,10m,11.3m,71.0,64.0,우,왼쪽,True,False,False
1.자동차_1412_1.wav,10m,3.5m,126.0,74.1,우,오른쪽,False,False,False
1.자동차_1413_1.wav,1m,3.8m,127.0,73.3,우,왼쪽,True,False,False
1.자동차_1414_1.wav,25m,6.4m,69.0,68.9,우,오른쪽,False,True,False
1.자동차_1415_1.wav,5m,3.3m,112.0,74.7,우,오른쪽,True,False,False
1.자동차_1416_1.wav,15m,6.4m,71.0,68.9,우,왼쪽,False,True,False
1.자동차_1417_1.wav,13m,7.6m,68.0,67.4,우,왼쪽,False,True,False
1.자동차_1418_1.wav,13m,5.3m,84.0,70.5,우,왼쪽,False,False,False
1.자동차_141_1.wav,10m,2.8m,77.0,76.1,우,오른쪽,False,True,False
1.자동차_1420_1.wav,10m,5.2m,78.0,70.7,우,오른쪽,True,False,False
1.자동차_1421_1.wav,2m,3.6m,122.0,73.9,좌,왼쪽,True,False,False
1.자동차_1429_1.wav,10m,11.4m,68.0,63.9,좌,왼쪽,True,True,False
1.자동차_1430_1.wav,10m,3.4m,89.0,74.4,우,왼쪽,False,False,False
1.자동차_1432_1.wav,15m,6.9m,75.0,68.3,우,왼쪽,False,False,False
1.자동차_1433_1.wav,11m,6.3m,78.0,69.0,우,오른쪽,True,False,False
1.자동차_1434_1.wav,10m,5.9m,74.0,69.7,좌,오른쪽,True,True,False
1.자동차_1437_1.wav,10m,10.3m,74.0,64.7,좌,왼쪽,True,False,False
1.자동차_1438_1.wav,10m,4.8m,70.0,71.3,우,왼쪽,False,True,False
1.자동차_1440_1.wav,30m,3.6m,108.0,73.8,우,왼쪽,False,False,False
1.자동차_1441_1.wav,15m,5.3m,72.0,70.6,우,왼쪽,False,True,False
1.자동차_1442_1.wav,1m,5.6m,119.0,70.1,우,오른쪽,True,False,False
1.자동차_1443_1.wav,2m,5.9m,92.0,69.5,우,오른쪽,True,False,False
1.자동차_1444_1.wav,10m,4.0m,73.0,72.9,좌,오른쪽,False,True,False
1.자동차_1445_1.wav,15m,5.2m,78.0,70.7,우,왼쪽,False,False,False
1.자동차_1446_1.wav,2m,3.8m,107.0,73.3,좌,오른쪽,True,False,False
1.자동차_1447_1.wav,10m,4.5m,69.0,72.0,우,왼쪽,False,True,False
1.자동차_1448_1.wav,10m,4.3m,98.0,72.3,우,왼쪽,False,False,False
1.자동차_1450_1.wav,10m,5.1m,100.0,70.8,좌,왼쪽,True,False,False
1.자동차_1454_1.wav,10m,8.6m,122.0,66.3,좌,왼쪽,True,False,False
1.자동차_1455_1.wav,10m,3.9m,97.0,73.2,우,오른쪽,False,False,False
1.자동차_1458_1.wav,5m,3.3m,106.0,74.7,우,오른쪽,True,False,False
1.자동차_1459_1.wav,10m,3.7m,103.0,73.6,좌,오른쪽,False,False,False
1.자동차_145_1.wav,10m,3.9m,80.0,73.3,우,왼쪽,False,False,False
1.자동차_1460_1.wav,25m,3.8m,93.0,73.3,우,오른쪽,False,False,False
1.자동차_1461_1.wav,1m,4.0m,126.0,72.9,우,오른쪽,True,False,False
1.자동차_1463_1.wav,10m,4.3m,90.0,72.3,우,오른쪽,False,False,False
1.자동차_1464_1.wav,11m,9.1m,75.0,65.8,우,오른쪽,True,False,False
1.자동차_1466_1.wav,10m,11.7m,74.0,63.6,좌,왼쪽,True,False,False
1.자동차_1468_1.wav,30m,5.0m,81.0,71.0,우,왼쪽,False,False,False
1.자동차_1469_1.wav,11m,14.8m,70.0,61.6,우,오른쪽,True,False,False
1.자동차_1470_1.wav,10m,4.0m,98.0,72.9,우,왼쪽,False,False,False
1.자동차_1471_1.wav,25m,5.2m,69.0,70.7,우,오른쪽,False,True,False
1.자동차_1474_1.wav,10m,3.5m,101.0,74.2,좌,오른쪽,False,False,False
1.자동차_1475_1.wav,10m,13.8m,68.0,62.2,좌,왼쪽,True,False,False
1.자동차_1476_1.wav,10m,4.9m,83.0,71.2,우,오른쪽,False,False,False
1.자동차_1477_1.wav,11m,6.2m,68.0,69.1,우,오른쪽,True,True,False
1.자동차_1478_1.wav,5m,4.9m,78.0,71.3,우,오른쪽,True,False,False
1.자동차_1479_1.wav,13m,8.1m,75.0,66.8,우,왼쪽,True,False,False
1.자동차_1480_1.wav,10m,4.6m,98.0,71.8,우,오른쪽,False,False,False
1.자동차_1481_1.wav,10m,4.6m,77.0,71.8,우,오른쪽,False,False,False
1.자동차_1482_1.wav,11m,9.6m,75.0,65.3,우,오른쪽,True,False,False
1.자동차_1483_1.wav,10m,3.5m,103.0,74.0,우,오른쪽,False,False,False
1.자동차_1489_1.wav,10m,3.0m,125.0,75.3,우,왼쪽,False,False,False
1.자동차_1490_1.wav,10m,3.7m,109.0,73.7,우,오른쪽,False,False,False
1.자동차_1492_1.wav,30m,3.6m,105.0,73.8,우,왼쪽,False,False,False
1.자동차_1495_1.wav,24m,2.6m,112.0,76.8,우,오른쪽,False,False,False
1.자동차_1496_1.wav,10m,6.8m,71.0,68.3,우,왼쪽,True,True,False
1.자동차_1497_1.wav,10m,4.5m,74.0,72.0,우,오른쪽,False,True,False
1.자동차_1499_1.wav,3m,1.7m,112.0,80.4,좌,오른쪽,True,False,False
1.자동차_149_1.wav,10m,1.4m,122.0,82.2,좌,왼쪽,False,False,False
1.자동차_1501_1.wav,1m,6.3m,75.0,69.0,우,오른쪽,False,False,False
1.자동차_1503_1.wav,1m,5.2m,102.0,70.6,우,오른쪽,True,False,False
1.자동차_1504_1.wav,10m,6.4m,75.0,68.8,우,오른쪽,True,False,False
1.자동차_1505_1.wav,24m,5.5m,75.0,70.2,우,오른쪽,False,True,False
1.자동차_150_1.wav,10m,3.5m,89.0,74.0,우,왼쪽,False,False,False
1.자동차_1510_1.wav,1m,4.0m,108.0,73.0,우,오른쪽,True,False,False
1.자동차_1515_1.wav,10m,4.5m,102.0,72.0,우,왼쪽,False,False,False
1.자동차_1517_1.wav,18m,9.1m,70.0,65.8,우,오른쪽,False,True,False
1.자동차_1519_1.wav,30m,5.5m,76.0,70.2,우,왼쪽,False,False,False
1.자동차_151_1.wav,1m,2.1m,119.0,78.4,좌,왼쪽,True,False,False
1.자동차_1521_1.wav,10m,3.4m,113.0,74.5,좌,오른쪽,False,False,False
1.자동차_1522_1.wav,30m,3.4m,118.0,74.5,우,왼쪽,False,False,False
1.자동차_1527_1.wav,12m,5.4m,69.0,70.3,우,오른쪽,False,True,False
1.자동차_1528_1.wav,10m,5.4m,76.0,70.4,우,왼쪽,True,False,False
1.자동차_1529_1.wav,13m,4.0m,103.0,73.0,우,왼쪽,False,False,False
1.자동차_1530_1.wav,9m,4.2m,93.0,72.5,좌,오른쪽,True,False,False
1.자동차_1531_1.wav,13m,6.0m,74.0,69.5,우,왼쪽,False,True,False
1.자동차_1534_1.wav,15m,4.7m,107.0,71.5,우,왼쪽,False,False,False
1.자동차_1536_1.wav,10m,4.1m,87.0,72.7,우,오른쪽,False,False,False
1.자동차_153_1.wav,10m,3.3m,70.0,74.6,우,오른쪽,False,True,False
1.자동차_1541_1.wav,10m,4.9m,68.0,71.2,우,오른쪽,False,True,False
1.자동차_1542_1.wav,1m,6.0m,89.0,69.4,우,오른쪽,True,False,False
1.자동차_1543_1.wav,10m,4.3m,104.0,72.4,우,오른쪽,False,False,False
1.자동차_1546_1.wav,13m,6.0m,72.0,69.5,우,왼쪽,False,True,False
1.자동차_1547_1.wav,10m,7.6m,68.0,67.3,우,왼쪽,True,True,False
1.자동차_1549_1.wav,10m,5.5m,78.0,70.2,우,오른쪽,True,False,False
1.자동차_1552_1.wav,60m,11.7m,72.0,63.7,우,오른쪽,False,False,False
1.자동차_1553_1.wav,10m,4.6m,73.0,71.8,좌,오른쪽,False,True,False
1.자동차_1554_1.wav,10m,4.2m,94.0,72.5,우,왼쪽,False,False,False
1.자동차_1556_1.wav,3m,2.5m,126.0,77.0,좌,오른쪽,True,False,False
1.자동차_1558_1.wav,24m,4.0m,84.0,73.0,우,오른쪽,False,False,False
1.자동차_1559_1.wav,10m,8.4m,70.0,66.5,좌,왼쪽,True,True,False
1.자동차_1562_1.wav,13m,4.3m,84.0,72.4,우,왼쪽,False,False,False
1.자동차_1564_1.wav,10m,4.1m,69.0,72.7,좌,오른쪽,False,True,False
1.자동차_1565_1.wav,30m,7.7m,102.0,67.3,우,왼쪽,False,False,False
1.자동차_1567_1.wav,13m,6.6m,71.0,68.6,우,왼쪽,False,True,False
1.자동차_1568_1.wav,3m,0.9m,114.0,85.8,우,왼쪽,True,False,False
1.자동차_1569_1.wav,15m,5.1m,78.0,70.8,우,왼쪽,False,False,False
1.자동차_1570_1.wav,25m,6.1m,84.0,69.4,우,오른쪽,False,False,False
1.자동차_1571_1.wav,24m,5.0m,105.0,70.9,우,오른쪽,False,False,False
1.자동차_1574_1.wav,15m,6.7m,69.0,68.5,우,왼쪽,False,True,False
1.자동차_1577_1.wav,12m,5.7m,69.0,69.8,우,오른쪽,False,True,False
1.자동차_1578_1.wav,10m,4.0m,121.0,72.9,우,왼쪽,False,False,False
1.자동차_1579_1.wav,10m,4.7m,122.0,71.5,좌,오른쪽,False,False,False
1.자동차_1582_1.wav,11m,5.2m,84.0,70.7,우,오른쪽,False,False,False
1.자동차_1586_1.wav,10m,9.6m,74.0,65.4,좌,왼쪽,True,False,False
1.자동차_1589_1.wav,10m,3.5m,121.0,74.2,우,오른쪽,False,False,False
1.자동차_1593_1.wav,10m,3.6m,97.0,73.9,우,오른쪽,False,False,False
1.자동차_1595_1.wav,13m,8.5m,69.0,66.4,우,왼쪽,True,True,False
1.자동차_1597_1.wav,15m,5.2m,74.0,70.8,우,오른쪽,False,True,False
1.자동차_159_1.wav,10m,6.7m,75.0,68.4,우,오른쪽,True,False,False
1.자동차_1601_1.wav,10m,11.6m,68.0,63.7,좌,왼쪽,True,True,False
1.자동차_1602_1.wav,60m,10.8m,70.0,64.4,우,오른쪽,False,False,False
1.자동차_1604_1.wav,15m,7.4m,74.0,67.6,우,오른쪽,False,False,False
1.자동차_1608_1.wav,11m,6.6m,89.0,68.6,우,오른쪽,True,False,False
1.자동차_1610_1.wav,12m,13.8m,75.0,62.2,우,오른쪽,True,False,False
1.자동차_1613_1.wav,18m,9.2m,73.0,65.7,우,오른쪽,False,False,False
1.자동차_1616_1.wav,13m,4.5m,97.0,71.9,우,왼쪽,False,False,False
1.자동차_1618_1.wav,10m,4.2m,86.0,72.6,우,오른쪽,False,False,False
1.자동차_1619_1.wav,3m,2.3m,121.0,77.7,좌,왼쪽,True,False,False
1.자동차_1621_1.wav,2m,7.2m,68.0,67.9,우,오른쪽,False,True,False
1.자동차_1622_1.wav,2m,4.9m,106.0,71.2,우,오른쪽,True,False,False
1.자동차_1623_1.wav,10m,4.1m,88.0,72.7,우,왼쪽,False,False,False
1.자동차_1624_1.wav,13m,6.6m,73.0,68.6,우,왼쪽,False,True,False
1.자동차_1625_1.wav,10m,3.5m,117.0,74.1,좌,왼쪽,False,False,False
1.자동차_1631_1.wav,13m,4.7m,69.0,71.5,우,왼쪽,False,True,False
1.자동차_1632_1.wav,10m,2.6m,107.0,76.7,우,오른쪽,False,False,False
1.자동차_1633_1.wav,10m,5.4m,92.0,70.4,우,오른쪽,True,False,False
1.자동차_1634_1.wav,18m,9.7m,70.0,65.2,우,오른쪽,False,True,False
1.자동차_1636_1.wav,5m,3.6m,105.0,73.9,우,오른쪽,True,False,False
1.자동차_1637_1.wav,10m,4.6m,78.0,71.8,우,오른쪽,False,False,False
1.자동차_1638_1.wav,10m,4.9m,83.0,71.3,우,오른쪽,False,False,False
1.자동차_1639_1.wav,10m,4.2m,101.0,72.6,우,오른쪽,False,False,False
1.자동차_1641_1.wav,11m,5.7m,73.0,69.8,우,오른쪽,False,True,False
1.자동차_1642_1.wav,10m,5.6m,80.0,70.0,우,오른쪽,True,False,False
1.자동차_1644_1.wav,10m,11.6m,69.0,63.7,좌,왼쪽,True,False,False
1.자동차_1645_1.wav,30m,4.5m,118.0,72.0,우,왼쪽,False,False,False
1.자동차_1646_1.wav,25m,5.3m,85.0,70.5,우,오른쪽,False,False,False
1.자동차_1647_1.wav,13m,6.9m,74.0,68.2,우,왼쪽,False,False,False
1.자동차_1650_1.wav,11m,13.7m,72.0,62.3,우,오른쪽,True,False,False
1.자동차_1651_1.wav,9m,4.2m,127.0,72.4,좌,오른쪽,True,False,False
1.자동차_1653_1.wav,30m,6.5m,72.0,68.7,우,오른쪽,False,True,False
1.자동차_1655_1.wav,25m,9.4m,72.0,65.5,우,오른쪽,False,False,False
1.자동차_1657_1.wav,25m,3.5m,109.0,74.0,우,오른쪽,False,False,False
1.자동차_1661_1.wav,24m,2.5m,105.0,77.0,우,오른쪽,False,False,False
1.자동차_1662_1.wav,12m,6.1m,72.0,69.3,우,왼쪽,False,True,False
1.자동차_1663_1.wav,9m,3.9m,100.0,73.2,좌,오른쪽,False,False,False
1.자동차_1664_1.wav,10m,2.3m,122.0,77.9,우,오른쪽,False,False,False
1.자동차_1666_1.wav,11m,8.8m,71.0,66.1,우,오른쪽,True,True,False
1.자동차_1667_1.wav,2m,4.3m,75.0,72.3,우,오른쪽,True,True,False
1.자동차_1669_1.wav,13m,5.0m,102.0,71.0,우,왼쪽,False,False,False
1.자동차_1673_1.wav,15m,4.6m,108.0,71.8,우,왼쪽,False,False,False
1.자동차_1675_1.wav,10m,4.9m,81.0,71.1,우,왼쪽,False,False,False
1.자동차_1676_1.wav,10m,3.2m,121.0,74.8,우,오른쪽,False,False,False
1.자동차_1677_1.wav,1m,5.7m,94.0,69.8,우,오른쪽,True,False,False
1.자동차_1678_1.wav,10m,4.0m,101.0,73.0,우,왼쪽,False,False,False
1.자동차_1680_1.wav,13m,4.2m,86.0,72.5,우,왼쪽,False,False,False
1.자동차_1682_1.wav,30m,4.3m,96.0,72.3,우,왼쪽,False,False,False
1.자동차_1683_1.wav,11m,9.7m,68.0,65.2,우,오른쪽,True,True,False
1.자동차_1687_1.wav,12m,4.9m,74.0,71.2,우,왼쪽,False,True,False
1.자동차_1689_1.wav,1m,3.3m,126.0,74.7,우,왼쪽,True,False,False
1.자동차_168_1.wav,10m,4.0m,82.0,72.9,우,오른쪽,False,False,False
1.자동차_1690_1.wav,10m,9.7m,68.0,65.3,좌,왼쪽,True,True,False
1.자동차_1691_1.wav,13m,5.0m,75.0,71.0,우,왼쪽,False,True,False
1.자동차_1693_1.wav,15m,6.3m,70.0,69.0,우,왼쪽,False,True,False
1.자동차_1694_1.wav,9m,4.1m,113.0,72.7,좌,오른쪽,True,False,False
1.자동차_1696_1.wav,24m,6.3m,73.0,69.1,우,오른쪽,False,True,False
1.자동차_1697_1.wav,10m,4.4m,124.0,72.1,우,왼쪽,False,False,False
1.자동차_1698_1.wav,2m,4.2m,108.0,72.6,좌,왼쪽,True,False,False
1.자동차_1699_1.wav,9m,3.8m,117.0,73.5,좌,오른쪽,False,False,False
1.자동차_16_1.wav,10m,4.9m,74.0,71.2,우,왼쪽,False,True,False
1.자동차_1700_1.wav,1m,2.1m,119.0,78.4,우,왼쪽,True,False,False
1.자동차_1702_1.wav,10m,3.8m,123.0,73.3,좌,오른쪽,False,False,False
1.자동차_1703_1.wav,5m,3.1m,101.0,75.2,우,오른쪽,True,False,False
1.자동차_1704_1.wav,13m,3.6m,93.0,73.9,우,오른쪽,False,False,False
1.자동차_170_1.wav,10m,3.9m,113.0,73.2,우,오른쪽,False,False,False
1.자동차_1713_1.wav,10m,3.7m,94.0,73.7,좌,오른쪽,False,False,False
1.자동차_1715_1.wav,30m,4.7m,121.0,71.5,우,오른쪽,False,False,False
1.자동차_1717_1.wav,25m,5.2m,90.0,70.7,우,오른쪽,False,False,False
1.자동차_1718_1.wav,15m,4.7m,109.0,71.6,우,왼쪽,False,False,False
1.자동차_171_1.wav,10m,6.3m,70.0,69.0,우,왼쪽,True,True,False
1.자동차_1721_1.wav,24m,4.4m,77.0,72.2,우,오른쪽,False,True,False
1.자동차_1724_1.wav,10m,3.5m,85.0,74.1,우,왼쪽,False,False,False
1.자동차_1726_1.wav,11m,4.1m,94.0,72.8,우,오른쪽,False,False,False
1.자동차_1727_1.wav,13m,6.1m,73.0,69.3,우,왼쪽,False,True,False
1.자동차_1728_1.wav,10m,6.9m,73.0,68.2,우,왼쪽,True,True,False
1.자동차_1729_1.wav,12m,6.2m,108.0,69.1,우,오른쪽,False,False,False
1.자동차_172_1.wav,13m,4.4m,72.0,72.2,우,왼쪽,False,True,False
1.자동차_1731_1.wav,10m,4.7m,93.0,71.5,우,왼쪽,False,False,False
1.자동차_1732_1.wav,10m,3.2m,99.0,74.9,좌,오른쪽,False,False,False
1.자동차_1734_1.wav,13m,5.3m,71.0,70.5,우,왼쪽,False,True,False
1.자동차_1736_1.wav,13m,3.9m,83.0,73.2,우,왼쪽,False,False,False
1.자동차_1739_1.wav,3m,1.9m,107.0,79.5,좌,오른쪽,True,False,False
1.자동차_173_1.wav,10m,4.9m,74.0,71.2,우,왼쪽,False,True,False
1.자동차_1740_1.wav,15m,6.3m,74.0,69.0,우,왼쪽,False,True,False
1.자동차_1741_1.wav,3m,1.4m,122.0,82.2,우,왼쪽,True,False,False
1.자동차_1746_1.wav,10m,10.3m,75.0,64.7,좌,왼쪽,True,False,False
1.자동차_1747_1.wav,10m,10.4m,74.0,64.7,좌,왼쪽,True,False,False
1.자동차_1750_1.wav,24m,2.7m,120.0,76.2,우,오른쪽,False,False,False
1.자동차_1751_1.wav,10m,4.3m,73.0,72.4,우,오른쪽,False,True,False
1.자동차_1752_1.wav,12m,6.1m,89.0,69.2,우,오른쪽,False,False,False
1.자동차_1754_1.wav,25m,6.1m,106.0,69.2,우,오른쪽,False,False,False
1.자동차_1755_1.wav,10m,3.0m,115.0,75.4,우,오른쪽,False,False,False
1.자동차_1756_1.wav,10m,4.4m,103.0,72.1,우,오른쪽,False,False,False
1.자동차_1757_1.wav,3m,2.1m,104.0,78.7,좌,왼쪽,True,False,False
1.자동차_1759_1.wav,10m,5.0m,83.0,71.0,우,오른쪽,False,False,False
1.자동차_1763_1.wav,10m,9.8m,70.0,65.2,좌,오른쪽,True,True,False
1.자동차_1764_1.wav,13m,5.0m,69.0,71.0,우,오른쪽,False,True,False
1.자동차_1766_1.wav,15m,5.4m,82.0,70.3,우,왼쪽,False,False,False
1.자동차_1770_1.wav,10m,9.3m,70.0,65.6,좌,왼쪽,True,True,False
1.자동차_177_1.wav,6m,3.6m,76.0,73.9,우,오른쪽,True,True,False
1.자동차_17_1.wav,12m,50m,70.0,50.2,우,오른쪽,False,False,False
1.자동차_183_1.wav,10m,5.3m,71.0,70.5,우,왼쪽,True,True,False
1.자동차_184_1.wav,1250m,5.3m,68.0,70.5,우,왼쪽,False,True,False
1.자동차_186_1.wav,10m,4.2m,68.0,72.6,우,오른쪽,False,True,False
1.자동차_18_1.wav,5m,2.3m,120.0,77.6,우,왼쪽,True,False,False
1.자동차_19048_1.wav,10m,0.8m,113.0,87.1,좌,오른쪽,False,False,False
1.자동차_19049_1.wav,10m,1.0m,109.0,84.7,우,오른쪽,False,False,False
1.자동차_19107_1.wav,3m,1.3m,113.0,82.8,좌,오른쪽,True,False,False
1.자동차_19109_1.wav,3m,0.8m,116.0,86.9,좌,오른쪽,True,False,False
1.자동차_19110_1.wav,3m,1.3m,108.0,82.5,우,오른쪽,True,False,False
1.자동차_191_1.wav,8m,5.4m,71.0,70.3,우,오른쪽,True,True,False
1.자동차_192_1.wav,12m,18.3m,68.0,59.8,우,왼쪽,False,False,False
1.자동차_19491_1.wav,20m,6.6m,74.0,68.6,우,오른쪽,False,False,False
1.자동차_194_1.wav,6m,3.1m,85.0,75.3,우,오른쪽,True,False,False
1.자동차_197_1.wav,20m,1.1m,113.0,84.1,좌,오른쪽,False,False,False
1.자동차_19832_1.wav,10m,2.9m,122.0,75.8,좌,오른쪽,False,False,False
1.자동차_19833_1.wav,28m,2.1m,126.0,78.5,좌,오른쪽,False,False,False
1.자동차_199_1.wav,10m,3.9m,84.0,73.2,우,왼쪽,False,False,False
1.자동차_200_1.wav,10m,5.6m,70.0,70.0,우,왼쪽,True,True,False
1.자동차_201_1.wav,10m,7.2m,70.0,67.8,우,왼쪽,True,True,False
1.자동차_20277_1.wav,70m,5.1m,71.0,70.8,좌,오른쪽,False,True,False
1.자동차_20280_1.wav,80m,6.0m,90.0,69.4,좌,오른쪽,False,False,False
1.자동차_20281_1.wav,80m,10.3m,73.0,64.8,우,오른쪽,False,False,False
1.자동차_20283_1.wav,80m,4.8m,75.0,71.4,우,오른쪽,False,True,False
1.자동차_203_1.wav,5m,4.9m,75.0,71.2,우,왼쪽,True,True,False
1.자동차_204_1.wav,10m,4.7m,112.0,71.6,우,오른쪽,False,False,False
1.자동차_205_1.wav,4m,6.0m,80.0,69.4,우,오른쪽,True,False,False
1.자동차_206_1.wav,10m,4.3m,69.0,72.4,우,왼쪽,False,True,False
1.자동차_20_1.wav,10m,3.7m,90.0,73.6,우,왼쪽,False,False,False
1.자동차_212_1.wav,7m,3.7m,75.0,73.7,우,오른쪽,True,True,False
1.자동차_214_1.wav,10m,4.1m,86.0,72.8,우,왼쪽,False,False,False
1.자동차_215_1.wav,10m,8.1m,72.0,66.8,우,오른쪽,True,False,False
1.자동차_216_1.wav,10m,4.2m,75.0,72.5,우,왼쪽,False,True,False
1.자동차_217_1.wav,6m,3.3m,76.0,74.6,우,오른쪽,True,True,False
1.자동차_219_1.wav,10m,5.1m,81.0,70.9,우,왼쪽,True,False,False
1.자동차_224_1.wav,10m,9.9m,69.0,65.1,우,오른쪽,True,True,False
1.자동차_228_1.wav,10m,4.6m,73.0,71.8,우,왼쪽,False,True,False
1.자동차_229_1.wav,1m,2.0m,119.0,79.1,좌,왼쪽,True,False,False
1.자동차_234_1.wav,6m,5.6m,87.0,70.0,우,왼쪽,True,False,False
1.자동차_236_1.wav,10m,1.3m,104.0,83.0,좌,왼쪽,False,False,False
1.자동차_240_1.wav,10m,7.0m,73.0,68.1,우,왼쪽,True,True,False
1.자동차_248_1.wav,10m,3.6m,73.0,73.8,우,왼쪽,False,True,False
1.자동차_250_1.wav,10m,3.0m,72.0,75.4,우,오른쪽,False,True,False
1.자동차_251_1.wav,100m,4.4m,74.0,72.2,우,오른쪽,False,True,False
1.자동차_256_1.wav,10m,4.9m,74.0,71.2,우,왼쪽,False,True,False
1.자동차_25_1.wav,10m,7.5m,68.0,67.5,우,왼쪽,True,True,False
1.자동차_261_1.wav,10m,4.5m,69.0,72.0,우,왼쪽,False,True,False
1.자동차_262_1.wav,10m,5.4m,75.0,70.3,우,오른쪽,True,True,False
1.자동차_263_1.wav,10m,4.7m,69.0,71.5,우,왼쪽,False,True,False
1.자동차_264_1.wav,10m,6.6m,70.0,68.6,우,왼쪽,True,True,False
1.자동차_269_1.wav,4m,1.0m,100.0,85.1,좌,오른쪽,True,False,False
1.자동차_271_1.wav,20m,2.5m,107.0,77.1,좌,왼쪽,False,False,False
1.자동차_274_1.wav,4m,0.8m,108.0,86.7,좌,왼쪽,True,False,False
1.자동차_275_1.wav,6m,9.4m,68.0,65.5,우,오른쪽,True,True,False
1.자동차_276_1.wav,7m,7.9m,69.0,67.0,우,오른쪽,True,True,False
1.자동차_277_1.wav,12m,9.4m,70.0,65.5,우,오른쪽,True,True,False
1.자동차_278_1.wav,12m,10.1m,69.0,64.9,우,왼쪽,True,True,False
1.자동차_279_1.wav,12m,3.9m,129.0,73.1,우,왼쪽,False,False,False
1.자동차_27_1.wav,7m,2.7m,128.0,76.5,우,왼쪽,True,False,False
1.자동차_280_1.wav,3m,9.6m,68.0,65.3,우,오른쪽,False,True,False
1.자동차_283_1.wav,12m,5.3m,93.0,70.5,우,왼쪽,False,False,False
1.자동차_284_1.wav,6m,2.6m,115.0,76.6,우,오른쪽,True,False,False
1.자동차_285_1.wav,2m,1.9m,126.0,79.3,우,오른쪽,True,False,False
1.자동차_288_1.wav,4m,3.1m,119.0,75.0,우,왼쪽,True,False,False
1.자동차_292_1.wav,50m,4.5m,111.0,71.9,우,왼쪽,False,False,False
1.자동차_294_1.wav,12m,10.3m,74.0,64.7,우,오른쪽,True,False,False
1.자동차_297_1.wav,20m,1.3m,108.0,82.8,좌,왼쪽,False,False,False
1.자동차_298_1.wav,8m,7.8m,71.0,67.1,우,오른쪽,True,True,False
1.자동차_299_1.wav,8m,3.8m,123.0,73.5,우,오른쪽,True,False,False
1.자동차_300_1.wav,10m,4.2m,89.0,72.4,우,오른쪽,False,False,False
1.자동차_303_1.wav,12m,11.7m,72.0,63.6,우,오른쪽,True,False,False
1.자동차_304_1.wav,20m,2.1m,110.0,78.6,좌,오른쪽,False,False,False
1.자동차_309_1.wav,8m,5.1m,70.0,70.8,우,오른쪽,True,True,False
1.자동차_310_1.wav,4m,2.0m,113.0,79.1,우,오른쪽,True,False,False
1.자동차_312_1.wav,20m,2.0m,114.0,79.1,좌,왼쪽,False,False,False
1.자동차_313_1.wav,20m,2.8m,104.0,76.2,좌,왼쪽,False,False,False
1.자동차_316_1.wav,450m,13.5m,68.0,62.4,우,오른쪽,False,False,False
1.자동차_317_1.wav,3m,6.3m,75.0,69.1,우,오른쪽,True,False,False
1.자동차_319_1.wav,3m,2.4m,109.0,77.3,우,왼쪽,True,False,False
1.자동차_31_1.wav,10m,4.2m,74.0,72.6,우,왼쪽,False,True,False
1.자동차_321_1.wav,7m,5.7m,72.0,69.9,우,오른쪽,True,True,False
1.자동차_323_1.wav,75m,11.6m,71.0,63.7,우,왼쪽,False,False,False
1.자동차_324_1.wav,3m,2.3m,105.0,77.6,우,오른쪽,True,False,False
1.자동차_330_1.wav,20m,1.1m,112.0,83.8,좌,왼쪽,False,False,False
1.자동차_333_1.wav,10m,1.9m,101.0,79.5,우,왼쪽,False,False,False
1.자동차_335_1.wav,11m,4.8m,73.0,71.3,우,오른쪽,False,True,False
1.자동차_336_1.wav,20m,1.6m,124.0,80.7,좌,왼쪽,False,False,False
1.자동차_337_1.wav,3m,2.7m,121.0,76.4,우,왼쪽,True,False,False
1.자동차_338_1.wav,12m,2.5m,122.0,77.2,우,왼쪽,False,False,False
1.자동차_339_1.wav,100m,23.0m,72.0,57.8,우,오른쪽,False,False,False
1.자동차_341_1.wav,2m,1.4m,126.0,82.0,좌,왼쪽,True,False,False
1.자동차_344_1.wav,100m,5.6m,71.0,70.0,우,왼쪽,False,True,False
1.자동차_345_1.wav,6m,4.2m,93.0,72.6,우,오른쪽,True,False,False
1.자동차_348_1.wav,5m,2.5m,113.0,77.0,우,왼쪽,True,False,False
1.자동차_34_1.wav,10m,2.9m,72.0,75.8,우,오른쪽,False,True,False
1.자동차_352_1.wav,50m,1.5m,103.0,81.4,우,왼쪽,False,False,False
1.자동차_353_1.wav,10m,5.1m,100.0,70.9,우,왼쪽,True,False,False
1.자동차_354_1.wav,50m,5.2m,106.0,70.8,우,왼쪽,False,False,False
1.자동차_358_1.wav,3m,2.6m,114.0,76.6,우,오른쪽,True,False,False
1.자동차_359_1.wav,20m,1.2m,121.0,83.1,좌,오른쪽,False,False,False
1.자동차_361_1.wav,20m,2.4m,104.0,77.4,좌,왼쪽,False,False,False
1.자동차_364_1.wav,20m,2.0m,111.0,79.2,좌,왼쪽,False,False,False
1.자동차_366_1.wav,50m,3.5m,121.0,74.0,우,왼쪽,False,False,False
1.자동차_368_1.wav,20m,1.5m,125.0,81.2,좌,왼쪽,False,False,False
1.자동차_369_1.wav,3m,5.6m,70.0,70.0,우,오른쪽,True,True,False
1.자동차_370_1.wav,6m,3.4m,115.0,74.4,우,오른쪽,True,False,False
1.자동차_371_1.wav,20m,2.0m,116.0,78.8,좌,오른쪽,False,False,False
1.자동차_372_1.wav,2m,1.4m,109.0,82.3,좌,왼쪽,True,False,False
1.자동차_373_1.wav,43m,6.5m,83.0,68.7,우,오른쪽,False,False,False
1.자동차_375_1.wav,13m,4.8m,87.0,71.5,우,오른쪽,False,False,False
1.자동차_378_1.wav,20m,1.2m,120.0,83.3,좌,오른쪽,False,False,False
1.자동차_379_1.wav,50m,1.6m,127.0,80.8,우,왼쪽,False,False,False
1.자동차_38187_1.wav,10m,5.4m,116.0,70.3,좌,왼쪽,True,False,False
1.자동차_383_1.wav,3m,3.3m,107.0,74.7,우,오른쪽,True,False,False
1.자동차_384_1.wav,8m,3.3m,130.0,74.7,우,오른쪽,True,False,False
1.자동차_385_1.wav,11m,2.8m,126.0,76.0,우,왼쪽,False,False,False
1.자동차_386_1.wav,20m,1.6m,116.0,80.9,좌,왼쪽,False,False,False
1.자동차_387_1.wav,3m,8.9m,73.0,66.0,우,오른쪽,False,False,False
1.자동차_388_1.wav,3m,5.4m,72.0,70.4,우,오른쪽,True,True,False
1.자동차_38_1.wav,10m,4.8m,69.0,71.4,우,왼쪽,False,True,False
1.자동차_391_1.wav,10m,6.5m,104.0,68.7,우,오른쪽,True,False,False
1.자동차_392_1.wav,4m,0.8m,111.0,87.1,좌,오른쪽,True,False,False
1.자동차_393_1.wav,20m,1.7m,109.0,80.5,좌,오른쪽,False,False,False
1.자동차_394_1.wav,10m,8.3m,75.0,66.6,우,왼쪽,True,False,False
1.자동차_398_1.wav,4m,1.0m,104.0,84.9,좌,오른쪽,True,False,False
1.자동차_399_1.wav,12m,2.5m,111.0,77.0,우,오른쪽,False,False,False
1.자동차_400_1.wav,5m,3.0m,110.0,75.4,우,오른쪽,True,False,False
1.자동차_401_1.wav,10m,3.3m,123.0,74.7,좌,오른쪽,False,False,False
1.자동차_402_1.wav,50m,2.9m,122.0,75.8,우,왼쪽,False,False,False
1.자동차_405_1.wav,4m,0.9m,113.0,86.1,좌,오른쪽,True,False,False
1.자동차_406_1.wav,10m,2.7m,103.0,76.3,우,오른쪽,False,False,False
1.자동차_407_1.wav,3m,4.1m,81.0,72.6,우,왼쪽,True,False,False
1.자동차_408_1.wav,450m,14.6m,71.0,61.7,우,오른쪽,False,False,False
1.자동차_409_1.wav,8m,6.4m,86.0,68.8,우,오른쪽,True,False,False
1.자동차_411_1.wav,8m,3.3m,118.0,74.7,우,왼쪽,True,False,False
1.자동차_414_1.wav,8m,3.9m,112.0,73.2,우,오른쪽,True,False,False
1.자동차_415_1.wav,50m,1.8m,100.0,79.7,우,왼쪽,False,False,False
1.자동차_419_1.wav,3m,2.4m,107.0,77.4,우,오른쪽,True,False,False
1.자동차_421_1.wav,200m,32.2m,72.0,54.8,우,오른쪽,False,False,False
1.자동차_423_1.wav,3m,4.8m,111.0,71.5,우,오른쪽,True,False,False
1.자동차_425_1.wav,6m,4.6m,109.0,71.7,우,오른쪽,True,False,False
1.자동차_426_1.wav,3m,1.9m,107.0,79.6,우,오른쪽,True,False,False
1.자동차_428_1.wav,20m,1.5m,101.0,81.3,좌,왼쪽,False,False,False
1.자동차_42_1.wav,10m,6.7m,74.0,68.5,우,왼쪽,True,False,False
1.자동차_433_1.wav,3m,3.2m,106.0,75.0,우,오른쪽,True,False,False
1.자동차_437_1.wav,2m,1.4m,102.0,82.4,좌,왼쪽,True,False,False
1.자동차_438_1.wav,4m,3.0m,112.0,75.3,우,오른쪽,True,False,False
1.자동차_439_1.wav,3m,3.1m,121.0,75.0,우,왼쪽,True,False,False
1.자동차_440_1.wav,4m,2.8m,127.0,76.1,우,오른쪽,True,False,False
1.자동차_441_1.wav,3m,6.8m,68.0,68.4,우,왼쪽,True,True,False
1.자동차_446_1.wav,8m,4.3m,101.0,72.3,우,오른쪽,True,False,False
1.자동차_447_1.wav,10m,6.2m,71.0,69.2,우,왼쪽,True,True,False
1.자동차_448_1.wav,3m,2.1m,117.0,78.7,우,오른쪽,True,False,False
1.자동차_449_1.wav,6m,5.1m,70.0,70.8,우,오른쪽,True,True,False
1.자동차_450_1.wav,10m,3.8m,119.0,73.5,우,오른쪽,False,False,False
1.자동차_451_1.wav,50m,2.7m,89.0,76.4,우,오른쪽,False,False,False
1.자동차_452_1.wav,10m,4.4m,96.0,72.1,우,왼쪽,False,False,False
1.자동차_453_1.wav,10m,1.9m,119.0,79.6,우,오른쪽,False,False,False
1.자동차_454_1.wav,10m,7.2m,85.0,67.9,우,왼쪽,True,False,False
1.자동차_455_1.wav,20m,2.0m,113.0,79.0,좌,왼쪽,False,False,False
1.자동차_456_1.wav,250m,5.0m,78.0,71.1,우,오른쪽,False,False,False
1.자동차_45715_1.wav,18m,2.2m,130.0,78.0,우,오른쪽,False,False,False
1.자동차_45731_1.wav,20m,5.4m,100.0,70.3,우,왼쪽,False,False,False
1.자동차_457_1.wav,60m,50m,72.0,49.2,우,오른쪽,False,False,False
1.자동차_458_1.wav,4m,5.7m,74.0,69.9,우,오른쪽,True,True,False
1.자동차_459_1.wav,60m,5.3m,86.0,70.6,우,오른쪽,False,False,False
1.자동차_45_1.wav,10m,4.0m,73.0,73.0,우,왼쪽,False,True,False
1.자동차_462_1.wav,20m,1.5m,108.0,81.3,좌,왼쪽,False,False,False
1.자동차_465_1.wav,4m,1.3m,124.0,82.5,좌,오른쪽,True,False,False
1.자동차_468_1.wav,3m,4.3m,89.0,72.4,우,오른쪽,True,False,False
1.자동차_469_1.wav,3m,3.3m,69.0,74.5,우,오른쪽,True,False,False
1.자동차_471_1.wav,8m,3.8m,105.0,73.5,우,오른쪽,True,False,False
1.자동차_473_1.wav,11m,2.5m,120.0,77.2,우,왼쪽,False,False,False
1.자동차_475_1.wav,43m,24.9m,75.0,57.1,우,오른쪽,False,False,False
1.자동차_476_1.wav,50m,6.0m,94.0,69.5,우,왼쪽,False,False,False
1.자동차_477_1.wav,10m,9.9m,74.0,65.1,우,왼쪽,True,False,False
1.자동차_483_1.wav,8m,5.4m,130.0,70.4,우,오른쪽,True,False,False
1.자동차_484_1.wav,3m,3.1m,100.0,75.2,우,오른쪽,True,False,False
1.자동차_485_1.wav,3m,2.7m,111.0,76.4,우,오른쪽,True,False,False
1.자동차_486_1.wav,3m,2.6m,92.0,76.7,우,오른쪽,True,False,False
1.자동차_488_1.wav,4m,4.0m,102.0,73.0,우,오른쪽,True,False,False
1.자동차_489_1.wav,20m,1.8m,110.0,80.0,좌,왼쪽,False,False,False
1.자동차_48_1.wav,10m,5.1m,73.0,70.8,우,왼쪽,True,True,False
1.자동차_490_1.wav,20m,2.2m,118.0,78.1,좌,왼쪽,False,False,False
1.자동차_493_1.wav,6m,5.4m,93.0,70.4,우,오른쪽,True,False,False
1.자동차_496_1.wav,6m,3.8m,108.0,73.3,우,오른쪽,True,False,False
1.자동차_499_1.wav,10m,3.7m,126.0,73.6,우,오른쪽,False,False,False
1.자동차_4_1.wav,10m,11.7m,71.0,63.6,우,오른쪽,True,False,False
1.자동차_500_1.wav,50m,5.4m,72.0,70.3,우,왼쪽,False,True,False
1.자동차_501_1.wav,10m,6.9m,77.0,68.2,좌,왼쪽,True,False,False
1.자동차_502_1.wav,12m,3.6m,71.0,73.8,우,오른쪽,False,True,False
1.자동차_503_1.wav,20m,2.2m,108.0,78.0,좌,왼쪽,False,False,False
1.자동차_504_1.wav,10m,4.1m,115.0,72.8,우,오른쪽,False,False,False
1.자동차_509_1.wav,3m,2.8m,129.0,76.2,우,오른쪽,True,False,False
1.자동차_50_1.wav,10m,4.3m,71.0,72.4,우,왼쪽,False,True,False
1.자동차_511_1.wav,8m,3.1m,103.0,75.1,우,오른쪽,True,False,False
1.자동차_512_1.wav,3m,8.1m,71.0,66.8,우,오른쪽,False,True,False
1.자동차_513_1.wav,8m,3.6m,118.0,73.8,우,오른쪽,True,False,False
1.자동차_517_1.wav,20m,1.9m,112.0,79.3,좌,왼쪽,False,False,False
1.자동차_519_1.wav,2m,1.4m,113.0,82.4,좌,왼쪽,True,False,False
1.자동차_523_1.wav,6m,3.5m,113.0,74.2,우,오른쪽,True,False,False
1.자동차_524_1.wav,3m,3.2m,109.0,75.0,우,오른쪽,True,False,False
1.자동차_525_1.wav,12m,31.4m,72.0,55.1,우,오른쪽,False,False,False
1.자동차_526_1.wav,12m,6.3m,72.0,69.0,우,왼쪽,False,True,False
1.자동차_530_1.wav,20m,2.2m,119.0,78.2,좌,왼쪽,False,False,False
1.자동차_532_1.wav,50m,4.9m,100.0,71.3,우,오른쪽,False,False,False
1.자동차_534_1.wav,3m,2.6m,102.0,76.6,우,오른쪽,True,False,False
1.자동차_538_1.wav,20m,2.2m,101.0,78.1,좌,왼쪽,False,False,False
1.자동차_539_1.wav,1m,9.8m,69.0,65.2,우,오른쪽,False,True,False
1.자동차_53_1.wav,12m,14.9m,68.0,61.5,우,왼쪽,True,False,False
1.자동차_540_1.wav,4m,2.4m,108.0,77.3,우,오른쪽,True,False,False
1.자동차_541_1.wav,10m,7.8m,73.0,67.1,우,오른쪽,True,False,False
1.자동차_544_1.wav,3m,2.7m,109.0,76.4,우,오른쪽,True,False,False
1.자동차_546_1.wav,12m,5.6m,88.0,70.1,우,오른쪽,False,False,False
1.자동차_547_1.wav,13m,4.6m,69.0,71.7,우,왼쪽,False,True,False
1.자동차_548_1.wav,25m,4.7m,86.0,71.6,우,오른쪽,False,False,False
1.자동차_549_1.wav,10m,10.5m,72.0,64.6,좌,왼쪽,True,False,False
1.자동차_550_1.wav,10m,5.5m,84.0,70.1,우,왼쪽,True,False,False
1.자동차_553_1.wav,30m,4.0m,102.0,72.9,우,왼쪽,False,False,False
1.자동차_555_1.wav,10m,5.9m,105.0,69.5,좌,왼쪽,True,False,False
1.자동차_556_1.wav,3m,0.8m,124.0,86.5,우,왼쪽,True,False,False
1.자동차_565_1.wav,10m,9.9m,71.0,65.0,좌,왼쪽,True,False,False
1.자동차_566_1.wav,30m,4.6m,120.0,71.8,우,왼쪽,False,False,False
1.자동차_567_1.wav,1m,4.3m,130.0,72.3,우,오른쪽,True,False,False
1.자동차_569_1.wav,10m,4.7m,74.0,71.5,우,오른쪽,False,True,False
1.자동차_572_1.wav,5m,3.7m,86.0,73.6,우,오른쪽,True,False,False
1.자동차_573_1.wav,9m,3.8m,91.0,73.5,좌,오른쪽,False,False,False
1.자동차_575_1.wav,1m,6.0m,88.0,69.4,우,오른쪽,True,False,False
1.자동차_576_1.wav,13m,4.0m,85.0,73.1,우,오른쪽,False,False,False
1.자동차_577_1.wav,10m,9.6m,72.0,65.4,좌,왼쪽,True,False,False
1.자동차_578_1.wav,3m,0.7m,106.0,87.9,우,오른쪽,True,False,False
1.자동차_581_1.wav,3m,0.7m,119.0,87.9,우,오른쪽,True,False,False
1.자동차_582_1.wav,10m,3.3m,86.0,74.6,좌,오른쪽,False,False,False
1.자동차_583_1.wav,30m,8.0m,68.0,66.9,우,왼쪽,False,True,False
1.자동차_584_1.wav,10m,8.9m,75.0,66.1,좌,왼쪽,True,False,False
1.자동차_585_1.wav,1m,2.4m,105.0,77.3,우,왼쪽,True,False,False
1.자동차_586_1.wav,13m,5.5m,69.0,70.1,우,왼쪽,False,True,False
1.자동차_587_1.wav,30m,4.9m,105.0,71.3,우,왼쪽,False,False,False
1.자동차_588_1.wav,3m,0.9m,100.0,86.2,우,왼쪽,True,False,False
1.자동차_589_1.wav,10m,4.7m,70.0,71.6,우,오른쪽,False,True,False
1.자동차_58_1.wav,10m,4.9m,78.0,71.2,우,왼쪽,False,False,False
1.자동차_590_1.wav,3m,2.0m,105.0,78.9,좌,왼쪽,True,False,False
1.자동차_591_1.wav,13m,5.9m,72.0,69.6,우,왼쪽,False,True,False
1.자동차_592_1.wav,13m,5.5m,71.0,70.2,우,오른쪽,False,True,False
1.자동차_593_1.wav,10m,4.0m,87.0,72.9,좌,오른쪽,False,False,False
1.자동차_594_1.wav,10m,3.6m,117.0,73.8,좌,오른쪽,False,False,False
1.자동차_595_1.wav,10m,3.8m,125.0,73.3,우,왼쪽,False,False,False
1.자동차_596_1.wav,3m,0.8m,122.0,86.5,우,왼쪽,True,False,False
1.자동차_597_1.wav,2m,3.7m,127.0,73.6,좌,왼쪽,True,False,False
1.자동차_59_1.wav,20m,1.6m,107.0,81.2,좌,왼쪽,False,False,False
1.자동차_600_1.wav,24m,3.4m,111.0,74.4,우,오른쪽,False,False,False
1.자동차_603_1.wav,10m,3.9m,120.0,73.2,우,오른쪽,False,False,False
1.자동차_606_1.wav,25m,14.3m,75.0,61.9,우,오른쪽,False,False,False
1.자동차_607_1.wav,10m,11.5m,71.0,63.8,좌,왼쪽,True,False,False
1.자동차_611_1.wav,30m,7.5m,69.0,67.4,우,왼쪽,False,True,False
1.자동차_612_1.wav,13m,6.7m,73.0,68.5,우,왼쪽,False,True,False
1.자동차_613_1.wav,12m,11.5m,71.0,63.8,우,오른쪽,True,False,False
1.자동차_614_1.wav,25m,4.9m,71.0,71.2,우,오른쪽,False,True,False
1.자동차_616_1.wav,15m,4.5m,111.0,72.0,우,왼쪽,False,False,False
1.자동차_617_1.wav,5m,3.5m,90.0,74.0,우,오른쪽,True,False,False
1.자동차_618_1.wav,3m,0.9m,121.0,86.2,우,왼쪽,True,False,False
1.자동차_620_1.wav,10m,5.4m,75.0,70.3,우,오른쪽,True,True,False
1.자동차_621_1.wav,10m,5.3m,75.0,70.5,좌,오른쪽,True,True,False
1.자동차_622_1.wav,5m,4.0m,77.0,73.0,우,오른쪽,True,True,False
1.자동차_623_1.wav,3m,1.6m,117.0,80.7,좌,오른쪽,True,False,False
1.자동차_624_1.wav,13m,7.1m,71.0,67.9,우,왼쪽,False,True,False
1.자동차_626_1.wav,3m,0.9m,100.0,85.7,우,왼쪽,True,False,False
1.자동차_627_1.wav,10m,3.0m,104.0,75.5,좌,오른쪽,False,False,False
1.자동차_628_1.wav,10m,5.4m,70.0,70.4,우,오른쪽,True,True,False
1.자동차_629_1.wav,10m,9.2m,71.0,65.7,좌,왼쪽,True,False,False
1.자동차_630_1.wav,10m,3.6m,114.0,73.9,우,왼쪽,False,False,False
1.자동차_631_1.wav,12m,6.4m,69.0,68.8,우,오른쪽,False,True,False
1.자동차_634_1.wav,10m,3.8m,109.0,73.3,우,왼쪽,False,False,False
1.자동차_636_1.wav,25m,3.9m,127.0,73.1,우,오른쪽,False,False,False
1.자동차_637_1.wav,30m,5.1m,104.0,70.8,우,왼쪽,False,False,False
1.자동차_639_1.wav,10m,2.9m,109.0,75.7,좌,오른쪽,False,False,False
1.자동차_641_1.wav,25m,5.5m,80.0,70.2,우,오른쪽,False,False,False
1.자동차_642_1.wav,10m,11.2m,70.0,64.0,우,왼쪽,True,False,False
1.자동차_643_1.wav,10m,3.9m,111.0,73.2,좌,오른쪽,False,False,False
1.자동차_644_1.wav,3m,1.6m,108.0,81.0,좌,오른쪽,True,False,False
1.자동차_647_1.wav,10m,3.6m,125.0,74.0,우,오른쪽,False,False,False
1.자동차_648_1.wav,13m,6.1m,75.0,69.3,우,왼쪽,False,False,False
1.자동차_649_1.wav,2m,5.7m,78.0,69.8,좌,왼쪽,True,False,False
1.자동차_64_1.wav,10m,5.7m,73.0,69.9,우,왼쪽,True,True,False
1.자동차_650_1.wav,3m,2.0m,108.0,78.9,좌,왼쪽,True,False,False
1.자동차_651_1.wav,1m,5.6m,89.0,70.1,우,오른쪽,True,False,False
1.자동차_653_1.wav,1m,4.4m,123.0,72.1,우,오른쪽,True,False,False
1.자동차_654_1.wav,15m,4.9m,97.0,71.2,우,왼쪽,False,False,False
1.자동차_655_1.wav,13m,4.8m,75.0,71.4,우,왼쪽,False,True,False
1.자동차_65634_1.wav,30m,7.4m,74.0,67.7,우,오른쪽,False,False,False
1.자동차_65654_1.wav,30m,9.2m,74.0,65.7,좌,오른쪽,False,False,False
1.자동차_65655_1.wav,30m,11.0m,70.0,64.2,우,오른쪽,False,False,False
1.자동차_65656_1.wav,30m,5.9m,74.0,69.6,좌,오른쪽,False,True,False
1.자동차_657_1.wav,13m,7.7m,77.0,67.2,우,오른쪽,False,False,False
1.자동차_658_1.wav,10m,4.5m,91.0,71.9,좌,오른쪽,False,False,False
1.자동차_659_1.wav,24m,5.2m,118.0,70.7,우,오른쪽,False,False,False
1.자동차_662_1.wav,10m,3.8m,109.0,73.4,우,왼쪽,False,False,False
1.자동차_664_1.wav,10m,4.7m,107.0,71.6,좌,왼쪽,False,False,False
1.자동차_667_1.wav,2m,4.1m,107.0,72.8,좌,오른쪽,True,False,False
1.자동차_670_1.wav,13m,6.7m,68.0,68.5,우,왼쪽,False,True,False
1.자동차_672_1.wav,10m,3.9m,107.0,73.2,좌,오른쪽,False,False,False
1.자동차_673_1.wav,1m,5.0m,88.0,71.0,우,오른쪽,True,False,False
1.자동차_674_1.wav,30m,4.4m,102.0,72.1,우,오른쪽,False,False,False
1.자동차_678_1.wav,9m,4.3m,96.0,72.3,좌,오른쪽,True,False,False
1.자동차_679_1.wav,9m,4.1m,116.0,72.8,좌,오른쪽,True,False,False
1.자동차_681_1.wav,2m,5.0m,110.0,70.9,좌,오른쪽,True,False,False
1.자동차_682_1.wav,10m,9.3m,75.0,65.6,좌,왼쪽,True,False,False
1.자동차_684_1.wav,13m,10.7m,71.0,64.5,우,왼쪽,True,False,False
1.자동차_685_1.wav,30m,5.4m,86.0,70.4,우,왼쪽,False,False,False
1.자동차_689_1.wav,13m,9.1m,81.0,65.8,우,오른쪽,True,False,False
1.자동차_68_1.wav,10m,5.0m,74.0,71.0,우,왼쪽,True,True,False
1.자동차_690_1.wav,10m,3.7m,100.0,73.6,좌,오른쪽,False,False,False
1.자동차_691_1.wav,10m,4.0m,77.0,72.9,우,오른쪽,False,True,False
1.자동차_692_1.wav,10m,4.8m,74.0,71.4,우,오른쪽,False,True,False
1.자동차_693_1.wav,1m,3.9m,110.0,73.3,우,오른쪽,True,False,False
1.자동차_694_1.wav,10m,7.7m,75.0,67.3,우,오른쪽,True,False,False
1.자동차_696_1.wav,10m,4.0m,81.0,72.9,우,오른쪽,False,False,False
1.자동차_697_1.wav,10m,4.9m,75.0,71.2,좌,오른쪽,False,True,False
1.자동차_699_1.wav,10m,3.4m,118.0,74.3,우,오른쪽,False,False,False
1.자동차_6_1.wav,6m,5.2m,69.0,70.7,우,오른쪽,True,True,False
1.자동차_702_1.wav,11m,3.4m,119.0,74.4,우,오른쪽,False,False,False
1.자동차_704_1.wav,5m,4.8m,76.0,71.5,우,오른쪽,True,True,False
1.자동차_706_1.wav,24m,1.9m,107.0,79.3,우,오른쪽,False,False,False
1.자동차_707_1.wav,3m,0.7m,108.0,87.9,우,오른쪽,True,False,False
1.자동차_711_1.wav,25m,4.5m,123.0,72.0,우,오른쪽,False,False,False
1.자동차_712_1.wav,13m,9.7m,68.0,65.3,우,오른쪽,True,True,False
1.자동차_713_1.wav,3m,2.6m,102.0,76.8,좌,왼쪽,True,False,False
1.자동차_715_1.wav,9m,3.7m,109.0,73.7,좌,왼쪽,False,False,False
1.자동차_716_1.wav,1m,13.0m,73.0,62.7,우,오른쪽,False,False,False
1.자동차_717_1.wav,5m,3.9m,84.0,73.2,우,오른쪽,True,False,False
1.자동차_718_1.wav,13m,7.8m,71.0,67.2,우,왼쪽,False,True,False
1.자동차_719_1.wav,30m,3.4m,124.0,74.5,우,오른쪽,False,False,False
1.자동차_720_1.wav,24m,5.6m,68.0,70.0,우,오른쪽,False,True,False
1.자동차_721_1.wav,10m,2.6m,125.0,76.6,우,왼쪽,False,False,False
1.자동차_722_1.wav,24m,7.2m,71.0,67.9,우,오른쪽,False,True,False
1.자동차_725_1.wav,2m,1.3m,127.0,82.5,우,오른쪽,True,False,False
1.자동차_728_1.wav,10m,13.2m,69.0,62.6,좌,왼쪽,True,False,False
1.자동차_730_1.wav,10m,3.9m,104.0,73.2,우,왼쪽,False,False,False
1.자동차_735_1.wav,13m,6.8m,69.0,68.3,우,왼쪽,False,True,False
1.자동차_744_1.wav,9m,4.0m,113.0,72.9,좌,오른쪽,True,False,False
1.자동차_747_1.wav,10m,12.3m,75.0,63.2,좌,왼쪽,True,False,False
1.자동차_748_1.wav,10m,5.9m,73.0,69.5,좌,오른쪽,True,True,False
1.자동차_749_1.wav,10m,3.6m,104.0,73.9,우,왼쪽,False,False,False
1.자동차_751_1.wav,3m,0.8m,103.0,86.7,우,왼쪽,True,False,False
1.자동차_752_1.wav,10m,4.4m,96.0,72.1,좌,왼쪽,False,False,False
1.자동차_753_1.wav,30m,4.5m,126.0,72.0,우,왼쪽,False,False,False
1.자동차_755_1.wav,24m,3.4m,102.0,74.3,우,오른쪽,False,False,False
1.자동차_756_1.wav,10m,5.6m,76.0,70.1,우,왼쪽,True,False,False
1.자동차_758_1.wav,1m,3.5m,122.0,74.1,우,오른쪽,True,False,False
1.자동차_75_1.wav,10m,5.8m,70.0,69.8,우,왼쪽,True,True,False
1.자동차_76516_1.wav,20m,8.7m,68.0,66.2,우,오른쪽,False,True,False
1.자동차_76_1.wav,20m,2.7m,110.0,76.4,좌,왼쪽,False,False,False
1.자동차_770_1.wav,11m,3.5m,78.0,74.0,우,오른쪽,False,True,False
1.자동차_771_1.wav,2m,3.4m,123.0,74.3,좌,오른쪽,True,False,False
1.자동차_772_1.wav,3m,3.8m,126.0,73.4,우,오른쪽,True,False,False
1.자동차_774_1.wav,2m,4.4m,121.0,72.2,좌,왼쪽,True,False,False
1.자동차_776_1.wav,10m,2.7m,125.0,76.2,우,오른쪽,False,False,False
1.자동차_77846_1.wav,5m,3.4m,127.0,74.5,좌,왼쪽,True,False,False
1.자동차_778_1.wav,11m,7.8m,69.0,67.2,우,오른쪽,True,True,False
1.자동차_780_1.wav,13m,10.5m,69.0,64.6,우,오른쪽,True,True,False
1.자동차_783_1.wav,2m,3.9m,80.0,73.1,좌,오른쪽,True,False,False
1.자동차_78419_1.wav,6m,2.8m,116.0,76.1,좌,왼쪽,True,False,False
1.자동차_784_1.wav,13m,7.6m,70.0,67.3,우,왼쪽,False,True,False
1.자동차_788_1.wav,15m,6.5m,82.0,68.8,우,왼쪽,False,False,False
1.자동차_789_1.wav,10m,4.8m,82.0,71.3,우,오른쪽,False,False,False
1.자동차_78_1.wav,3m,2.6m,114.0,76.7,우,오른쪽,True,False,False
1.자동차_790_1.wav,10m,3.4m,117.0,74.4,좌,오른쪽,False,False,False
1.자동차_795_1.wav,3m,2.2m,114.0,78.3,좌,왼쪽,True,False,False
1.자동차_796_1.wav,10m,9.3m,75.0,65.6,좌,오른쪽,True,False,False
1.자동차_797_1.wav,30m,4.8m,79.0,71.4,우,왼쪽,False,False,False
1.자동차_79_1.wav,10m,6.0m,78.0,69.5,우,오른쪽,True,False,False
1.자동차_7_1.wav,10m,2.3m,120.0,77.6,우,왼쪽,False,False,False
1.자동차_807_1.wav,5m,3.7m,97.0,73.7,우,오른쪽,True,False,False
1.자동차_809_1.wav,10m,9.6m,74.0,65.4,좌,왼쪽,True,False,False
1.자동차_80_1.wav,75m,8.9m,74.0,66.0,우,왼쪽,False,False,False
1.자동차_810_1.wav,10m,8.6m,71.0,66.3,좌,왼쪽,True,True,False
1.자동차_812_1.wav,24m,2.8m,102.0,76.0,우,오른쪽,False,False,False
1.자동차_815_1.wav,10m,4.0m,100.0,72.9,좌,오른쪽,False,False,False
1.자동차_818_1.wav,10m,5.2m,89.0,70.8,우,오른쪽,True,False,False
1.자동차_819_1.wav,30m,4.5m,101.0,71.9,우,왼쪽,False,False,False
1.자동차_826_1.wav,10m,5.6m,72.0,70.0,우,왼쪽,True,True,False
1.자동차_829_1.wav,10m,5.9m,85.0,69.5,우,왼쪽,True,False,False
1.자동차_830_1.wav,1m,4.9m,110.0,71.2,우,오른쪽,True,False,False
1.자동차_834_1.wav,10m,4.6m,121.0,71.8,좌,오른쪽,False,False,False
1.자동차_835_1.wav,25m,6.1m,75.0,69.3,우,오른쪽,False,False,False
1.자동차_836_1.wav,25m,5.9m,100.0,69.5,우,오른쪽,False,False,False
1.자동차_837_1.wav,10m,3.5m,103.0,74.2,좌,오른쪽,False,False,False
1.자동차_838_1.wav,10m,3.8m,85.0,73.3,우,왼쪽,False,False,False
1.자동차_839_1.wav,10m,6.5m,75.0,68.7,우,왼쪽,True,False,False
1.자동차_840_1.wav,9m,4.2m,106.0,72.6,좌,오른쪽,True,False,False
1.자동차_842_1.wav,15m,4.8m,105.0,71.3,우,왼쪽,False,False,False
1.자동차_843_1.wav,10m,5.5m,76.0,70.2,우,오른쪽,True,False,False
1.자동차_844_1.wav,10m,3.5m,122.0,74.0,우,왼쪽,False,False,False
1.자동차_845_1.wav,10m,3.7m,109.0,73.6,좌,오른쪽,False,False,False
1.자동차_846_1.wav,3m,3.0m,111.0,75.6,좌,왼쪽,True,False,False
1.자동차_849_1.wav,24m,3.5m,105.0,74.2,우,오른쪽,False,False,False
1.자동차_850_1.wav,13m,7.5m,68.0,67.5,우,왼쪽,False,True,False
1.자동차_852_1.wav,13m,4.4m,73.0,72.1,우,왼쪽,False,True,False
1.자동차_858_1.wav,10m,3.7m,102.0,73.6,좌,오른쪽,False,False,False
1.자동차_860_1.wav,10m,6.9m,73.0,68.2,우,오른쪽,True,True,False
1.자동차_862_1.wav,10m,7.1m,68.0,68.0,좌,오른쪽,True,True,False
1.자동차_864_1.wav,10m,4.1m,96.0,72.6,우,왼쪽,False,False,False
1.자동차_868_1.wav,5m,4.4m,92.0,72.2,우,오른쪽,True,False,False
1.자동차_869_1.wav,25m,7.6m,70.0,67.4,우,오른쪽,False,True,False
1.자동차_870_1.wav,30m,9.6m,68.0,65.3,우,왼쪽,False,True,False
1.자동차_872_1.wav,10m,9.7m,72.0,65.3,좌,왼쪽,True,False,False
1.자동차_875_1.wav,10m,8.9m,70.0,66.0,좌,왼쪽,True,True,False
1.자동차_876_1.wav,10m,4.0m,91.0,73.0,좌,오른쪽,False,False,False
1.자동차_87719_1.wav,2m,4.4m,72.0,72.2,위,오른쪽,True,True,False
1.자동차_877_1.wav,25m,4.7m,115.0,71.6,우,오른쪽,False,False,False
1.자동차_878_1.wav,3m,2.4m,119.0,77.4,좌,왼쪽,True,False,False
1.자동차_880_1.wav,10m,4.2m,84.0,72.5,우,오른쪽,False,False,False
1.자동차_881_1.wav,24m,1.8m,112.0,79.8,우,오른쪽,False,False,False
1.자동차_882_1.wav,10m,4.8m,93.0,71.5,좌,오른쪽,False,False,False
1.자동차_883_1.wav,25m,6.8m,71.0,68.4,우,오른쪽,False,True,False
1.자동차_884_1.wav,10m,14.8m,75.0,61.6,좌,왼쪽,True,False,False
1.자동차_885_1.wav,9m,3.6m,115.0,73.9,좌,왼쪽,False,False,False
1.자동차_888_1.wav,2m,4.0m,104.0,73.0,우,오른쪽,True,False,False
1.자동차_889_1.wav,10m,9.9m,73.0,65.1,좌,왼쪽,True,False,False
1.자동차_88_1.wav,10m,5.2m,74.0,70.7,우,왼쪽,True,True,False
1.자동차_890_1.wav,2m,4.3m,103.0,72.3,좌,왼쪽,True,False,False
1.자동차_894_1.wav,10m,7.0m,68.0,68.0,우,오른쪽,True,True,False
1.자동차_896_1.wav,15m,7.2m,73.0,67.8,우,왼쪽,False,False,False
1.자동차_897_1.wav,24m,5.9m,69.0,69.6,우,오른쪽,False,True,False
1.자동차_89_1.wav,10m,3.6m,72.0,73.8,우,오른쪽,False,True,False
1.자동차_8_1.wav,10m,3.1m,76.0,75.1,우,오른쪽,False,True,False
1.자동차_900_1.wav,13m,4.4m,71.0,72.2,우,왼쪽,False,True,False
1.자동차_901_1.wav,5m,3.5m,88.0,74.0,우,오른쪽,True,False,False
1.자동차_905_1.wav,12m,8.3m,68.0,66.6,우,오른쪽,True,True,False
1.자동차_907_1.wav,10m,3.5m,113.0,74.0,우,오른쪽,False,False,False
1.자동차_914_1.wav,10m,3.7m,93.0,73.7,우,왼쪽,False,False,False
1.자동차_915_1.wav,2m,1.2m,124.0,83.5,우,오른쪽,True,False,False
1.자동차_916_1.wav,10m,10.4m,70.0,64.7,좌,왼쪽,True,False,False
1.자동차_918_1.wav,10m,10.6m,71.0,64.5,좌,왼쪽,True,False,False
1.자동차_920_1.wav,10m,12.3m,70.0,63.2,좌,왼쪽,True,False,False
1.자동차_921_1.wav,1m,6.3m,75.0,69.0,우,오른쪽,False,False,False
1.자동차_922_1.wav,10m,5.1m,97.0,70.8,우,왼쪽,True,False,False
1.자동차_923_1.wav,10m,3.9m,90.0,73.2,좌,오른쪽,False,False,False
1.자동차_924_1.wav,25m,5.7m,75.0,69.9,우,오른쪽,False,False,False
1.자동차_925_1.wav,24m,3.1m,111.0,75.2,우,오른쪽,False,False,False
1.자동차_930_1.wav,25m,7.2m,71.0,67.9,우,오른쪽,False,True,False
1.자동차_932_1.wav,10m,10.0m,112.0,65.0,좌,왼쪽,True,False,False
1.자동차_933_1.wav,10m,6.5m,117.0,68.8,좌,오른쪽,True,False,False
1.자동차_934_1.wav,10m,3.4m,122.0,74.3,좌,오른쪽,False,False,False
1.자동차_938_1.wav,9m,4.4m,90.0,72.2,좌,오른쪽,True,False,False
1.자동차_93_1.wav,10m,5.4m,70.0,70.4,우,왼쪽,True,True,False
1.자동차_943_1.wav,60m,11.3m,74.0,63.9,우,오른쪽,False,False,False
1.자동차_946_1.wav,10m,10.5m,68.0,64.5,좌,왼쪽,True,True,False
1.자동차_94_1.wav,10m,7.7m,70.0,67.3,우,오른쪽,True,True,False
1.자동차_951_1.wav,9m,3.7m,123.0,73.5,좌,오른쪽,False,False,False
1.자동차_952_1.wav,13m,4.5m,87.0,71.9,우,왼쪽,False,False,False
1.자동차_953_1.wav,11m,7.4m,71.0,67.6,우,오른쪽,True,True,False
1.자동차_954_1.wav,11m,8.3m,75.0,66.6,우,오른쪽,True,False,False
1.자동차_955_1.wav,30m,5.2m,72.0,70.6,우,왼쪽,False,True,False
1.자동차_956_1.wav,10m,4.6m,103.0,71.7,좌,오른쪽,False,False,False
1.자동차_959_1.wav,1m,2.3m,125.0,77.8,우,왼쪽,True,False,False
1.자동차_960_1.wav,10m,5.7m,73.0,69.9,좌,오른쪽,True,True,False
1.자동차_961_1.wav,10m,8.7m,72.0,66.2,좌,왼쪽,True,False,False
1.자동차_963_1.wav,24m,3.8m,90.0,73.4,우,오른쪽,False,False,False
1.자동차_967_1.wav,10m,4.1m,104.0,72.7,좌,오른쪽,False,False,False
1.자동차_968_1.wav,5m,3.5m,107.0,74.1,우,오른쪽,True,False,False
1.자동차_969_1.wav,5m,3.3m,118.0,74.6,우,오른쪽,True,False,False
1.자동차_970_1.wav,13m,13.6m,71.0,62.3,우,왼쪽,True,False,False
1.자동차_971_1.wav,10m,7.1m,70.0,68.0,좌,오른쪽,True,True,False
1.자동차_972_1.wav,1m,1.9m,125.0,79.5,우,왼쪽,True,False,False
1.자동차_973_1.wav,10m,4.8m,98.0,71.3,우,왼쪽,False,False,False
1.자동차_974_1.wav,9m,4.1m,119.0,72.8,좌,오른쪽,True,False,False
1.자동차_977_1.wav,15m,5.5m,79.0,70.2,우,왼쪽,False,False,False
1.자동차_981_1.wav,10m,3.8m,100.0,73.4,좌,오른쪽,False,False,False
1.자동차_983_1.wav,2m,4.3m,83.0,72.3,좌,왼쪽,True,False,False
1.자동차_984_1.wav,10m,5.7m,75.0,69.9,우,왼쪽,True,False,False
1.자동차_986_1.wav,10m,4.9m,92.0,71.3,우,오른쪽,False,False,False
1.자동차_98_1.wav,10m,5.2m,68.0,70.7,우,오른쪽,True,True,False
1.자동차_992_1.wav,10m,10.2m,70.0,64.9,좌,왼쪽,True,False,False
1.자동차_993_1.wav,3m,2.2m,115.0,78.2,좌,왼쪽,True,False,False
1.자동차_995_1.wav,5m,3.7m,118.0,73.7,우,오른쪽,True,False,False
1.자동차_998_1.wav,10m,5.9m,75.0,69.5,우,왼쪽,True,False,False
1.자동차_9_1.wav,8m,6.1m,75.0,69.3,우,오른쪽,True,False,False
2.이륜자동차_1773_1.wav,3m,2.5m,124.0,77.0,우,오른쪽,True,False,False
2.이륜자동차_1774_1.wav,6m,5.2m,68.0,70.6,우,오른쪽,True,True,False
2.이륜자동차_1775_1.wav,6m,5.7m,71.0,69.8,우,오른쪽,True,True,False
2.이륜자동차_1776_1.wav,5m,6.1m,94.0,69.2,우,오른쪽,True,False,False
2.이륜자동차_1817_1.wav,2m,2.5m,102.0,77.1,우,왼쪽,True,False,False
2.이륜자동차_1820_1.wav,10m,5.1m,71.0,70.9,우,왼쪽,True,True,False
2.이륜자동차_1823_1.wav,60m,6.6m,72.0,68.6,우,오른쪽,False,True,False
2.이륜자동차_1825_1.wav,10m,17.7m,68.0,60.0,좌,오른쪽,False,False,False
2.이륜자동차_1827_1.wav,10m,2.1m,120.0,78.6,좌,왼쪽,False,False,False
2.이륜자동차_1830_1.wav,10m,13.9m,73.0,62.1,좌,오른쪽,True,False,False
2.이륜자동차_1834_1.wav,2m,5.7m,74.0,69.9,우,오른쪽,True,True,False
2.이륜자동차_1836_1.wav,12m,12.0m,69.0,63.4,우,오른쪽,True,False,False
2.이륜자동차_1838_1.wav,10m,4.7m,81.0,71.6,우,오른쪽,False,False,False
2.이륜자동차_1840_1.wav,1m,6.2m,68.0,69.2,우,오른쪽,False,True,False
2.이륜자동차_1841_1.wav,10m,3.0m,119.0,75.4,좌,오른쪽,False,False,False
2.이륜자동차_1843_1.wav,11m,13.6m,73.0,62.3,우,오른쪽,True,False,False
2.이륜자동차_1844_1.wav,11m,3.3m,115.0,74.5,우,오른쪽,False,False,False
2.이륜자동차_1849_1.wav,12m,2.2m,113.0,78.1,우,오른쪽,False,False,False
2.이륜자동차_1850_1.wav,10m,2.4m,115.0,77.3,우,오른쪽,False,False,False
2.이륜자동차_1851_1.wav,3m,2.4m,113.0,77.4,좌,오른쪽,True,False,False
2.이륜자동차_1852_1.wav,10m,2.9m,126.0,75.8,우,왼쪽,False,False,False
2.이륜자동차_1853_1.wav,11m,8.7m,74.0,66.2,우,오른쪽,True,False,False
2.이륜자동차_1854_1.wav,16m,8.1m,71.0,66.8,우,오른쪽,False,True,False
2.이륜자동차_1855_1.wav,10m,2.3m,122.0,77.8,좌,왼쪽,False,False,False
2.이륜자동차_1859_1.wav,2m,0.9m,124.0,85.8,우,오른쪽,True,False,False
2.이륜자동차_1861_1.wav,2m,1.7m,109.0,80.6,우,오른쪽,True,False,False
2.이륜자동차_1864_1.wav,2m,4.9m,104.0,71.2,우,오른쪽,True,False,False
2.이륜자동차_1868_1.wav,10m,3.0m,112.0,75.5,우,왼쪽,False,False,False
2.이륜자동차_1869_1.wav,16m,6.9m,68.0,68.2,우,오른쪽,False,True,False
2.이륜자동차_1870_1.wav,2m,5.0m,75.0,71.1,우,오른쪽,True,True,False
2.이륜자동차_1872_1.wav,2m,2.6m,127.0,76.5,우,오른쪽,True,False,False
2.이륜자동차_1880_1.wav,10m,2.8m,115.0,76.2,좌,왼쪽,False,False,False
2.이륜자동차_1882_1.wav,1m,15.2m,73.0,61.4,우,왼쪽,False,False,False
2.이륜자동차_1885_1.wav,1m,4.4m,74.0,72.1,우,왼쪽,True,True,False
2.이륜자동차_1887_1.wav,10m,8.7m,72.0,66.2,우,왼쪽,True,False,False
2.이륜자동차_1888_1.wav,1m,18.5m,69.0,59.6,우,오른쪽,False,False,False
2.이륜자동차_1889_1.wav,20m,1.9m,110.0,79.6,우,왼쪽,False,False,False
2.이륜자동차_1894_1.wav,1m,3.8m,71.0,73.4,우,오른쪽,True,True,False
2.이륜자동차_1895_1.wav,5m,3.3m,74.0,74.6,우,오른쪽,True,True,False
2.이륜자동차_1896_1.wav,12m,7.4m,71.0,67.6,우,오른쪽,True,True,False
2.이륜자동차_1897_1.wav,10m,13.1m,68.0,62.7,우,오른쪽,True,False,False
2.이륜자동차_1898_1.wav,11m,11.1m,69.0,64.1,우,오른쪽,True,True,False
2.이륜자동차_1899_1.wav,10m,4.6m,68.0,71.7,좌,오른쪽,False,True,False
2.이륜자동차_1900_1.wav,12m,6.7m,80.0,68.5,우,오른쪽,False,False,False
2.이륜자동차_1902_1.wav,12m,3.5m,127.0,74.1,우,오른쪽,False,False,False
2.이륜자동차_1904_1.wav,2m,2.7m,105.0,76.5,우,왼쪽,True,False,False
2.이륜자동차_1908_1.wav,10m,2.1m,118.0,78.6,좌,왼쪽,False,False,False
2.이륜자동차_1909_1.wav,1m,7.5m,68.0,67.5,우,오른쪽,False,True,False
2.이륜자동차_1910_1.wav,3m,1.0m,127.0,84.9,좌,왼쪽,True,False,False
2.이륜자동차_1916_1.wav,11m,11.8m,68.0,63.6,우,오른쪽,True,True,False
2.이륜자동차_1917_1.wav,12m,10.1m,74.0,64.9,우,오른쪽,True,False,False
2.이륜자동차_1919_1.wav,10m,2.6m,109.0,76.6,좌,왼쪽,False,False,False
2.이륜자동차_1920_1.wav,1m,1.7m,125.0,80.4,좌,왼쪽,True,False,False
2.이륜자동차_1923_1.wav,10m,2.5m,118.0,77.1,좌,오른쪽,False,False,False
2.이륜자동차_1926_1.wav,1m,15.0m,74.0,61.5,우,오른쪽,False,False,False
2.이륜자동차_1928_1.wav,1m,14.9m,68.0,61.5,우,오른쪽,False,False,False
2.이륜자동차_1930_1.wav,10m,5.0m,71.0,71.0,좌,왼쪽,False,True,False
2.이륜자동차_1931_1.wav,11m,3.3m,100.0,74.6,우,오른쪽,False,False,False
2.이륜자동차_1932_1.wav,2m,4.7m,69.0,71.6,우,오른쪽,True,True,False
2.이륜자동차_1934_1.wav,1m,12.8m,68.0,62.9,우,오른쪽,False,False,False
2.이륜자동차_1935_1.wav,11m,11.7m,74.0,63.6,우,오른쪽,True,False,False
2.이륜자동차_1936_1.wav,2m,2.7m,111.0,76.4,우,왼쪽,True,False,False
2.이륜자동차_1938_1.wav,10m,2.7m,117.0,76.5,좌,왼쪽,False,False,False
2.이륜자동차_1939_1.wav,3m,2.1m,116.0,78.5,좌,왼쪽,True,False,False
2.이륜자동차_1941_1.wav,2m,5.4m,70.0,70.4,우,오른쪽,True,True,False
2.이륜자동차_1943_1.wav,3m,0.6m,120.0,89.3,좌,왼쪽,True,False,False
2.이륜자동차_1944_1.wav,2m,1.8m,102.0,79.8,우,오른쪽,True,False,False
2.이륜자동차_1946_1.wav,20m,2.1m,122.0,78.6,우,왼쪽,False,False,False
2.이륜자동차_1947_1.wav,10m,2.3m,121.0,77.6,좌,왼쪽,False,False,False
2.이륜자동차_1951_1.wav,20m,11.5m,75.0,63.8,우,왼쪽,False,False,False
2.이륜자동차_1952_1.wav,10m,3.8m,85.0,73.4,좌,오른쪽,False,False,False
2.이륜자동차_1953_1.wav,11m,34.7m,68.0,54.2,우,오른쪽,False,False,False
2.이륜자동차_1954_1.wav,10m,5.1m,78.0,70.9,좌,오른쪽,True,False,False
2.이륜자동차_1955_1.wav,3m,1.6m,117.0,81.0,좌,왼쪽,True,False,False
2.이륜자동차_1957_1.wav,1m,13.5m,74.0,62.4,우,왼쪽,False,False,False
2.이륜자동차_1959_1.wav,10m,2.4m,112.0,77.4,좌,오른쪽,False,False,False
2.이륜자동차_1964_1.wav,70m,3.0m,125.0,75.4,좌,왼쪽,False,False,False
2.이륜자동차_1965_1.wav,10m,3.6m,82.0,73.8,좌,오른쪽,False,False,False
2.이륜자동차_1966_1.wav,1m,2.3m,122.0,77.7,우,오른쪽,True,False,False
2.이륜자동차_1968_1.wav,12m,4.6m,72.0,71.8,우,왼쪽,False,True,False
2.이륜자동차_1969_1.wav,10m,2.1m,105.0,78.4,좌,왼쪽,False,False,False
2.이륜자동차_1973_1.wav,11m,6.0m,71.0,69.5,우,오른쪽,False,True,False
2.이륜자동차_1979_1.wav,20m,3.1m,102.0,75.0,우,왼쪽,False,False,False
2.이륜자동차_1980_1.wav,10m,3.8m,98.0,73.5,우,오른쪽,False,False,False
2.이륜자동차_1985_1.wav,10m,12.8m,75.0,62.9,우,오른쪽,True,False,False
2.이륜자동차_1990_1.wav,10m,6.8m,72.0,68.4,좌,오른쪽,True,True,False
2.이륜자동차_1992_1.wav,1m,5.3m,73.0,70.5,우,오른쪽,True,True,False
2.이륜자동차_1993_1.wav,2m,3.7m,70.0,73.7,우,오른쪽,True,True,False
2.이륜자동차_1994_1.wav,12m,5.6m,102.0,70.0,우,왼쪽,False,False,False
2.이륜자동차_1998_1.wav,10m,1.8m,117.0,79.7,좌,왼쪽,False,False,False
2.이륜자동차_2000_1.wav,10m,2.8m,100.0,75.9,우,오른쪽,False,False,False
2.이륜자동차_2001_1.wav,2m,3.8m,85.0,73.5,우,오른쪽,True,False,False
2.이륜자동차_2003_1.wav,15m,5.7m,68.0,69.8,우,오른쪽,False,True,False
2.이륜자동차_2007_1.wav,1m,7.8m,70.0,67.1,우,오른쪽,False,True,False
2.이륜자동차_2010_1.wav,10m,3.0m,119.0,75.6,좌,오른쪽,False,False,False
2.이륜자동차_2011_1.wav,10m,4.9m,74.0,71.1,좌,오른쪽,False,True,False
2.이륜자동차_2014_1.wav,20m,4.6m,73.0,71.7,우,왼쪽,False,True,False
2.이륜자동차_2016_1.wav,2m,1.3m,120.0,82.5,좌,왼쪽,True,False,False
2.이륜자동차_2027_1.wav,2m,3.0m,102.0,75.5,우,왼쪽,True,False,False
2.이륜자동차_2028_1.wav,3m,1.1m,106.0,84.0,좌,오른쪽,True,False,False
2.이륜자동차_2030_1.wav,50m,3.6m,96.0,73.9,우,오른쪽,False,False,False
2.이륜자동차_2031_1.wav,3m,1.3m,109.0,82.9,좌,오른쪽,True,False,False
2.이륜자동차_2034_1.wav,10m,2.5m,122.0,77.0,우,왼쪽,False,False,False
2.이륜자동차_2038_1.wav,10m,1.8m,104.0,79.8,좌,왼쪽,False,False,False
2.이륜자동차_2040_1.wav,10m,3.0m,115.0,75.6,우,왼쪽,False,False,False
2.이륜자동차_2043_1.wav,10m,5.0m,75.0,71.0,좌,오른쪽,True,True,False
2.이륜자동차_2049_1.wav,10m,5.8m,68.0,69.7,좌,오른쪽,True,True,False
2.이륜자동차_2057_1.wav,2m,3.7m,95.0,73.7,우,왼쪽,True,False,False
2.이륜자동차_2060_1.wav,10m,5.4m,72.0,70.4,우,왼쪽,True,True,False
2.이륜자동차_2063_1.wav,10m,5.3m,72.0,70.5,좌,오른쪽,True,True,False
2.이륜자동차_2066_1.wav,10m,5.0m,70.0,70.9,우,왼쪽,True,True,False
2.이륜자동차_2067_1.wav,12m,8.4m,69.0,66.5,우,오른쪽,True,True,False
2.이륜자동차_2068_1.wav,20m,12.9m,71.0,62.8,우,왼쪽,False,False,False
2.이륜자동차_2070_1.wav,10m,2.1m,126.0,78.5,우,오른쪽,False,False,False
2.이륜자동차_2074_1.wav,2m,1.9m,114.0,79.4,우,오른쪽,True,False,False
2.이륜자동차_2077_1.wav,10m,9.2m,71.0,65.7,좌,오른쪽,True,False,False
2.이륜자동차_2078_1.wav,11m,7.0m,71.0,68.1,우,오른쪽,True,True,False
2.이륜자동차_2082_1.wav,2m,2.3m,127.0,77.6,우,왼쪽,True,False,False
2.이륜자동차_2087_1.wav,100m,6.5m,71.0,68.7,우,오른쪽,False,True,False
2.이륜자동차_2088_1.wav,11m,4.2m,78.0,72.5,우,오른쪽,False,False,False
2.이륜자동차_2090_1.wav,11m,7.4m,70.0,67.6,우,오른쪽,True,True,False
2.이륜자동차_2091_1.wav,2m,1.4m,124.0,81.8,우,오른쪽,True,False,False
2.이륜자동차_2093_1.wav,10m,3.4m,116.0,74.2,우,왼쪽,False,False,False
2.이륜자동차_2096_1.wav,24m,1.7m,117.0,80.6,우,오른쪽,False,False,False
2.이륜자동차_2097_1.wav,12m,9.6m,69.0,65.3,우,오른쪽,True,True,False
2.이륜자동차_2098_1.wav,16m,6.7m,68.0,68.5,우,오른쪽,False,True,False
2.이륜자동차_2099_1.wav,20m,11.9m,69.0,63.5,우,왼쪽,False,False,False
2.이륜자동차_2104_1.wav,11m,8.3m,69.0,66.6,우,오른쪽,True,True,False
2.이륜자동차_2107_1.wav,12m,34.4m,69.0,54.3,우,오른쪽,False,False,False
2.이륜자동차_2108_1.wav,10m,2.7m,99.0,76.3,좌,왼쪽,False,False,False
2.이륜자동차_2109_1.wav,10m,3.8m,88.0,73.5,좌,오른쪽,False,False,False
2.이륜자동차_2110_1.wav,12m,1.7m,121.0,80.5,우,오른쪽,False,False,False
2.이륜자동차_2111_1.wav,20m,9.0m,72.0,65.9,우,왼쪽,False,False,False
2.이륜자동차_2113_1.wav,2m,2.5m,118.0,77.0,우,오른쪽,True,False,False
2.이륜자동차_2114_1.wav,10m,8.0m,71.0,67.0,우,오른쪽,True,True,False
2.이륜자동차_2121_1.wav,3m,1.4m,112.0,82.2,좌,오른쪽,True,False,False
2.이륜자동차_2126_1.wav,10m,17.8m,68.0,60.0,우,오른쪽,False,False,False
2.이륜자동차_2127_1.wav,3m,1.3m,103.0,82.9,좌,오른쪽,True,False,False
2.이륜자동차_2128_1.wav,10m,1.9m,105.0,79.6,좌,왼쪽,False,False,False
2.이륜자동차_2132_1.wav,10m,1.0m,102.0,84.8,좌,왼쪽,False,False,False
2.이륜자동차_2138_1.wav,10m,1.2m,120.0,83.5,우,왼쪽,False,False,False
2.이륜자동차_2141_1.wav,4m,46.2m,75.0,51.7,우,오른쪽,False,False,False
2.이륜자동차_2144_1.wav,11m,4.2m,82.0,72.6,우,오른쪽,False,False,False
2.이륜자동차_2145_1.wav,12m,8.3m,69.0,66.7,우,오른쪽,True,True,False
2.이륜자동차_2149_1.wav,50m,6.2m,70.0,69.1,우,왼쪽,False,True,False
2.이륜자동차_2152_1.wav,12m,11.8m,68.0,63.6,우,오른쪽,True,True,False
2.이륜자동차_2154_1.wav,10m,2.6m,110.0,76.8,좌,왼쪽,False,False,False
2.이륜자동차_2155_1.wav,11m,14.0m,71.0,62.1,우,오른쪽,True,False,False
2.이륜자동차_2157_1.wav,2m,2.9m,105.0,75.9,우,왼쪽,True,False,False
2.이륜자동차_2158_1.wav,10m,3.3m,95.0,74.6,우,왼쪽,False,False,False
2.이륜자동차_2159_1.wav,1m,6.2m,75.0,69.1,우,오른쪽,False,False,False
2.이륜자동차_2161_1.wav,12m,13.7m,70.0,62.3,우,오른쪽,True,False,False
2.이륜자동차_2162_1.wav,12m,6.9m,74.0,68.3,우,오른쪽,False,False,False
2.이륜자동차_2163_1.wav,2m,4.5m,114.0,71.9,우,왼쪽,True,False,False
2.이륜자동차_2166_1.wav,1m,1.7m,114.0,80.5,우,오른쪽,True,False,False
2.이륜자동차_2170_1.wav,15m,4.1m,106.0,72.8,우,왼쪽,False,False,False
2.이륜자동차_2171_1.wav,20m,6.0m,76.0,69.5,우,왼쪽,False,False,False
2.이륜자동차_2172_1.wav,11m,8.2m,72.0,66.7,우,오른쪽,True,False,False
2.이륜자동차_2175_1.wav,2m,3.5m,119.0,74.1,우,오른쪽,True,False,False
2.이륜자동차_2176_1.wav,10m,3.4m,104.0,74.3,좌,왼쪽,False,False,False
2.이륜자동차_2177_1.wav,1m,9.2m,72.0,65.7,우,왼쪽,False,False,False
2.이륜자동차_2178_1.wav,10m,3.3m,96.0,74.7,좌,왼쪽,False,False,False
2.이륜자동차_2179_1.wav,5m,2.3m,105.0,77.9,우,오른쪽,True,False,False
2.이륜자동차_2180_1.wav,10m,4.6m,74.0,71.7,우,오른쪽,False,True,False
2.이륜자동차_2182_1.wav,11m,5.8m,74.0,69.7,우,오른쪽,False,True,False
2.이륜자동차_2185_1.wav,2m,3.6m,77.0,74.0,우,왼쪽,True,True,False
2.이륜자동차_2193_1.wav,1m,14.0m,70.0,62.1,우,오른쪽,False,False,False
2.이륜자동차_2196_1.wav,10m,11.4m,68.0,63.9,우,오른쪽,True,True,False
2.이륜자동차_2197_1.wav,10m,6.3m,70.0,69.1,우,왼쪽,True,True,False
2.이륜자동차_2198_1.wav,11m,7.8m,71.0,67.1,우,오른쪽,True,True,False
2.이륜자동차_2199_1.wav,2m,4.8m,72.0,71.4,우,오른쪽,True,True,False
2.이륜자동차_2201_1.wav,11m,7.9m,69.0,67.0,우,오른쪽,True,True,False
2.이륜자동차_2205_1.wav,10m,4.4m,69.0,72.1,좌,오른쪽,False,True,False
2.이륜자동차_2206_1.wav,1m,20.4m,73.0,58.8,우,오른쪽,False,False,False
2.이륜자동차_2212_1.wav,2m,4.9m,69.0,71.2,우,오른쪽,True,True,False
2.이륜자동차_2214_1.wav,10m,3.3m,106.0,74.6,우,왼쪽,False,False,False
2.이륜자동차_2215_1.wav,12m,2.0m,112.0,79.1,우,오른쪽,False,False,False
2.이륜자동차_2216_1.wav,10m,5.2m,76.0,70.7,좌,오른쪽,True,False,False
2.이륜자동차_2217_1.wav,20m,9.1m,75.0,65.8,우,왼쪽,False,False,False
2.이륜자동차_2221_1.wav,10m,4.6m,72.0,71.7,우,왼쪽,False,True,False
2.이륜자동차_2222_1.wav,11m,7.8m,74.0,67.2,우,오른쪽,True,False,False
2.이륜자동차_2225_1.wav,1m,13.5m,72.0,62.4,우,오른쪽,False,False,False
2.이륜자동차_2228_1.wav,10m,1.3m,113.0,82.5,좌,왼쪽,False,False,False
2.이륜자동차_2230_1.wav,11m,7.1m,72.0,67.9,우,오른쪽,True,True,False
2.이륜자동차_2233_1.wav,11m,5.3m,72.0,70.5,우,오른쪽,False,True,False
2.이륜자동차_2235_1.wav,12m,4.0m,103.0,72.9,우,왼쪽,False,False,False
2.이륜자동차_2239_1.wav,11m,10.1m,70.0,64.9,우,오른쪽,True,False,False
2.이륜자동차_2240_1.wav,12m,16.1m,73.0,60.9,우,오른쪽,True,False,False
2.이륜자동차_2241_1.wav,6m,3.2m,107.0,75.0,우,오른쪽,True,False,False
2.이륜자동차_2242_1.wav,2m,0.8m,115.0,86.6,우,왼쪽,True,False,False
2.이륜자동차_2244_1.wav,20m,7.4m,73.0,67.6,우,왼쪽,False,False,False
2.이륜자동차_2246_1.wav,20m,3.2m,121.0,74.8,우,왼쪽,False,False,False
2.이륜자동차_2248_1.wav,2m,4.6m,79.0,71.7,우,오른쪽,True,False,False
2.이륜자동차_2252_1.wav,12m,7.8m,69.0,67.2,우,오른쪽,True,True,False
2.이륜자동차_2253_1.wav,16m,44.0m,74.0,52.1,우,오른쪽,False,False,False
2.이륜자동차_2254_1.wav,10m,19.0m,74.0,59.4,좌,오른쪽,False,False,False
2.이륜자동차_2255_1.wav,2m,1.7m,120.0,80.3,우,왼쪽,True,False,False
2.이륜자동차_2256_1.wav,2m,4.1m,90.0,72.7,우,오른쪽,True,False,False
2.이륜자동차_2259_1.wav,11m,4.0m,73.0,72.9,우,오른쪽,False,True,False
2.이륜자동차_2260_1.wav,12m,5.1m,78.0,70.9,우,오른쪽,False,False,False
2.이륜자동차_2262_1.wav,10m,4.5m,81.0,72.0,좌,오른쪽,False,False,False
2.이륜자동차_2263_1.wav,2m,1.2m,108.0,83.4,우,왼쪽,True,False,False
2.이륜자동차_2265_1.wav,1m,13.6m,74.0,62.3,우,왼쪽,False,False,False
2.이륜자동차_2266_1.wav,10m,2.5m,123.0,77.0,우,왼쪽,False,False,False
2.이륜자동차_2267_1.wav,10m,2.4m,111.0,77.4,우,오른쪽,False,False,False
2.이륜자동차_2268_1.wav,24m,19.1m,70.0,59.4,우,오른쪽,True,False,False
2.이륜자동차_2269_1.wav,2m,5.3m,95.0,70.6,우,왼쪽,True,False,False
2.이륜자동차_2270_1.wav,2m,5.4m,68.0,70.4,우,오른쪽,True,True,False
2.이륜자동차_2276_1.wav,11m,10.9m,68.0,64.2,우,오른쪽,True,True,False
2.이륜자동차_2277_1.wav,12m,4.3m,69.0,72.4,우,오른쪽,False,True,False
2.이륜자동차_2278_1.wav,1m,9.0m,68.0,65.9,우,오른쪽,False,True,False
2.이륜자동차_2279_1.wav,10m,2.2m,112.0,78.2,좌,왼쪽,False,False,False
2.이륜자동차_2280_1.wav,10m,5.5m,71.0,70.2,우,오른쪽,True,True,False
2.이륜자동차_2281_1.wav,11m,13.1m,71.0,62.7,우,오른쪽,True,False,False
2.이륜자동차_2282_1.wav,10m,2.1m,100.0,78.8,좌,왼쪽,False,False,False
2.이륜자동차_2283_1.wav,24m,5.9m,74.0,69.6,우,오른쪽,False,True,False
2.이륜자동차_2285_1.wav,2m,1.2m,110.0,83.3,좌,오른쪽,True,False,False
2.이륜자동차_2287_1.wav,30m,6.6m,72.0,68.6,우,왼쪽,False,True,False
2.이륜자동차_2288_1.wav,1m,19.1m,70.0,59.4,우,오른쪽,False,False,False
2.이륜자동차_2290_1.wav,10m,5.5m,72.0,70.2,좌,왼쪽,True,True,False
2.이륜자동차_2292_1.wav,1m,13.0m,72.0,62.7,우,왼쪽,False,False,False
2.이륜자동차_2293_1.wav,2m,4.7m,74.0,71.5,우,왼쪽,True,True,False
2.이륜자동차_2294_1.wav,2m,2.5m,109.0,77.2,우,오른쪽,True,False,False
2.이륜자동차_2296_1.wav,1m,3.0m,106.0,75.5,우,오른쪽,True,False,False
2.이륜자동차_2297_1.wav,11m,4.0m,72.0,73.0,우,오른쪽,False,True,False
2.이륜자동차_2298_1.wav,11m,8.6m,71.0,66.3,우,오른쪽,True,True,False
2.이륜자동차_2299_1.wav,11m,7.8m,75.0,67.1,우,오른쪽,True,False,False
2.이륜자동차_2300_1.wav,3m,2.3m,102.0,77.7,좌,왼쪽,True,False,False
2.이륜자동차_2303_1.wav,1m,9.8m,68.0,65.1,우,왼쪽,False,True,False
2.이륜자동차_2307_1.wav,12m,5.0m,76.0,71.0,우,왼쪽,False,False,False
2.이륜자동차_2308_1.wav,20m,1.7m,108.0,80.4,좌,왼쪽,False,False,False
2.이륜자동차_2309_1.wav,2m,2.8m,94.0,76.0,우,오른쪽,True,False,False
2.이륜자동차_2310_1.wav,10m,4.5m,72.0,71.9,우,왼쪽,False,True,False
2.이륜자동차_2312_1.wav,11m,7.1m,74.0,68.0,우,오른쪽,True,False,False
2.이륜자동차_2313_1.wav,2m,2.4m,111.0,77.6,우,왼쪽,True,False,False
2.이륜자동차_2314_1.wav,3m,1.0m,127.0,85.2,좌,오른쪽,True,False,False
2.이륜자동차_2315_1.wav,6m,4.7m,74.0,71.6,우,왼쪽,True,True,False
2.이륜자동차_2316_1.wav,10m,20.6m,72.0,58.7,좌,오른쪽,False,False,False
2.이륜자동차_2320_1.wav,1m,5.7m,84.0,69.9,우,오른쪽,True,False,False
2.이륜자동차_2321_1.wav,1m,18.2m,69.0,59.8,우,오른쪽,False,False,False
2.이륜자동차_2322_1.wav,10m,4.3m,73.0,72.4,우,왼쪽,False,True,False
2.이륜자동차_2325_1.wav,2m,2.6m,103.0,76.8,우,왼쪽,True,False,False
2.이륜자동차_2326_1.wav,10m,7.7m,68.0,67.2,우,오른쪽,True,True,False
2.이륜자동차_2327_1.wav,12m,4.4m,74.0,72.2,우,오른쪽,False,True,False
2.이륜자동차_2328_1.wav,2m,1.5m,114.0,81.2,우,오른쪽,True,False,False
2.이륜자동차_2330_1.wav,2m,5.2m,75.0,70.6,우,오른쪽,True,True,False
2.이륜자동차_2331_1.wav,10m,5.9m,72.0,69.6,좌,오른쪽,True,True,False
2.이륜자동차_2333_1.wav,12m,8.4m,73.0,66.5,우,오른쪽,True,False,False
2.이륜자동차_2335_1.wav,10m,2.3m,127.0,77.9,좌,왼쪽,False,False,False
2.이륜자동차_2336_1.wav,2m,0.9m,116.0,86.2,우,오른쪽,True,False,False
2.이륜자동차_2338_1.wav,1m,22.0m,69.0,58.2,우,왼쪽,False,False,False
2.이륜자동차_2339_1.wav,10m,1.8m,125.0,79.9,우,오른쪽,False,False,False
2.이륜자동차_2340_1.wav,12m,7.9m,70.0,67.1,우,오른쪽,True,True,False
2.이륜자동차_2344_1.wav,10m,3.0m,116.0,75.6,좌,왼쪽,False,False,False
2.이륜자동차_2345_1.wav,11m,3.0m,90.0,75.3,우,오른쪽,False,False,False
2.이륜자동차_2347_1.wav,3m,1.2m,118.0,83.5,좌,오른쪽,True,False,False
2.이륜자동차_2348_1.wav,12m,13.0m,74.0,62.7,우,오른쪽,True,False,False
2.이륜자동차_2351_1.wav,10m,4.5m,71.0,72.0,우,왼쪽,False,True,False
2.이륜자동차_2353_1.wav,10m,2.6m,106.0,76.9,좌,왼쪽,False,False,False
2.이륜자동차_2356_1.wav,11m,1.6m,127.0,80.7,우,오른쪽,False,False,False
2.이륜자동차_2357_1.wav,10m,4.6m,124.0,71.7,우,오른쪽,False,False,False
2.이륜자동차_2358_1.wav,10m,5.6m,72.0,70.0,우,왼쪽,True,True,False
2.이륜자동차_2359_1.wav,2m,5.7m,72.0,69.9,우,오른쪽,True,True,False
2.이륜자동차_2360_1.wav,11m,2.6m,128.0,76.8,우,오른쪽,False,False,False
2.이륜자동차_2361_1.wav,11m,8.5m,73.0,66.4,우,오른쪽,True,False,False
2.이륜자동차_2362_1.wav,11m,18.9m,71.0,59.4,우,오른쪽,False,False,False
2.이륜자동차_2369_1.wav,15m,4.0m,90.0,72.9,우,왼쪽,False,False,False
2.이륜자동차_2372_1.wav,2m,1.4m,116.0,81.9,우,왼쪽,True,False,False
2.이륜자동차_2374_1.wav,10m,9.3m,68.0,65.7,우,오른쪽,True,True,False
2.이륜자동차_2375_1.wav,12m,3.8m,96.0,73.4,우,오른쪽,False,False,False
2.이륜자동차_2377_1.wav,16m,10.4m,75.0,64.6,우,오른쪽,False,False,False
2.이륜자동차_2379_1.wav,2m,2.1m,120.0,78.5,우,왼쪽,True,False,False
2.이륜자동차_2380_1.wav,6m,4.2m,105.0,72.6,우,왼쪽,True,False,False
2.이륜자동차_2381_1.wav,10m,2.5m,108.0,77.0,좌,오른쪽,False,False,False
2.이륜자동차_2384_1.wav,10m,4.0m,112.0,72.9,좌,왼쪽,False,False,False
2.이륜자동차_2385_1.wav,3m,1.4m,102.0,82.3,좌,오른쪽,True,False,False
2.이륜자동차_2386_1.wav,10m,2.9m,124.0,75.7,좌,오른쪽,False,False,False
2.이륜자동차_2392_1.wav,5m,4.5m,92.0,72.0,우,왼쪽,True,False,False
2.이륜자동차_2395_1.wav,11m,2.6m,120.0,76.6,우,오른쪽,False,False,False
2.이륜자동차_2397_1.wav,10m,3.1m,122.0,75.1,우,왼쪽,False,False,False
2.이륜자동차_2398_1.wav,1m,3.1m,112.0,75.1,우,오른쪽,True,False,False
2.이륜자동차_2401_1.wav,2m,1.5m,106.0,81.3,우,왼쪽,True,False,False
2.이륜자동차_2403_1.wav,11m,4.5m,74.0,71.9,우,오른쪽,False,True,False
2.이륜자동차_2404_1.wav,10m,9.9m,73.0,65.1,우,오른쪽,True,False,False
2.이륜자동차_2405_1.wav,12m,5.8m,90.0,69.8,우,오른쪽,False,False,False
2.이륜자동차_2406_1.wav,11m,5.0m,94.0,71.0,우,오른쪽,False,False,False
2.이륜자동차_2409_1.wav,10m,4.9m,68.0,71.2,우,오른쪽,False,True,False
2.이륜자동차_2410_1.wav,10m,10.5m,75.0,64.6,우,오른쪽,True,False,False
2.이륜자동차_2411_1.wav,11m,14.4m,68.0,61.8,우,오른쪽,True,False,False
2.이륜자동차_2412_1.wav,12m,3.7m,104.0,73.6,우,오른쪽,False,False,False
2.이륜자동차_2414_1.wav,10m,6.1m,74.0,69.3,좌,오른쪽,True,True,False
2.이륜자동차_2417_1.wav,3m,5.9m,69.0,69.5,좌,왼쪽,True,True,False
2.이륜자동차_2421_1.wav,10m,4.3m,75.0,72.4,좌,오른쪽,False,True,False
2.이륜자동차_2422_1.wav,1m,28.0m,71.0,56.1,우,오른쪽,False,False,False
2.이륜자동차_2423_1.wav,10m,4.2m,74.0,72.6,우,왼쪽,False,True,False
2.이륜자동차_2424_1.wav,10m,2.4m,110.0,77.3,좌,왼쪽,False,False,False
2.이륜자동차_2425_1.wav,10m,3.6m,92.0,73.8,우,왼쪽,False,False,False
2.이륜자동차_2426_1.wav,11m,9.7m,75.0,65.2,우,오른쪽,True,False,False
2.이륜자동차_2429_1.wav,2m,2.8m,103.0,76.1,우,왼쪽,True,False,False
2.이륜자동차_2431_1.wav,12m,5.9m,72.0,69.6,우,오른쪽,False,True,False
2.이륜자동차_2432_1.wav,2m,3.0m,86.0,75.4,우,왼쪽,True,False,False
2.이륜자동차_2433_1.wav,3m,1.6m,103.0,80.8,좌,왼쪽,True,False,False
2.이륜자동차_2434_1.wav,11m,7.6m,71.0,67.4,우,오른쪽,True,True,False
2.이륜자동차_2438_1.wav,10m,3.6m,99.0,73.9,좌,왼쪽,False,False,False
2.이륜자동차_2443_1.wav,11m,8.4m,74.0,66.5,우,오른쪽,True,False,False
2.이륜자동차_2448_1.wav,10m,3.0m,113.0,75.4,우,왼쪽,False,False,False
2.이륜자동차_2449_1.wav,10m,30.1m,72.0,55.4,우,오른쪽,False,False,False
2.이륜자동차_2452_1.wav,12m,9.3m,68.0,65.7,우,오른쪽,True,True,False
2.이륜자동차_2453_1.wav,10m,2.2m,120.0,78.1,좌,왼쪽,False,False,False
2.이륜자동차_2455_1.wav,1m,17.6m,75.0,60.1,우,왼쪽,False,False,False
2.이륜자동차_2456_1.wav,70m,2.0m,111.0,78.8,좌,왼쪽,False,False,False
2.이륜자동차_2457_1.wav,1m,9.3m,74.0,65.7,우,왼쪽,False,False,False
2.이륜자동차_2459_1.wav,8m,4.5m,81.0,71.9,우,오른쪽,True,False,False
2.이륜자동차_2460_1.wav,1m,11.0m,75.0,64.2,우,오른쪽,False,False,False
2.이륜자동차_2463_1.wav,10m,3.1m,97.0,75.3,좌,왼쪽,False,False,False
2.이륜자동차_2466_1.wav,11m,5.4m,68.0,70.4,우,오른쪽,False,True,False
2.이륜자동차_2468_1.wav,10m,2.0m,126.0,78.9,좌,왼쪽,False,False,False
2.이륜자동차_2470_1.wav,2m,5.8m,71.0,69.8,우,오른쪽,True,True,False
2.이륜자동차_2471_1.wav,30m,8.1m,70.0,66.8,우,왼쪽,False,True,False
2.이륜자동차_2472_1.wav,10m,1.5m,122.0,81.7,좌,오른쪽,False,False,False
2.이륜자동차_2474_1.wav,20m,2.7m,101.0,76.4,우,왼쪽,False,False,False
2.이륜자동차_2475_1.wav,10m,2.4m,100.0,77.6,좌,왼쪽,False,False,False
2.이륜자동차_2480_1.wav,2m,2.0m,122.0,78.8,우,오른쪽,True,False,False
2.이륜자동차_2482_1.wav,12m,13.2m,70.0,62.6,우,오른쪽,True,False,False
2.이륜자동차_2484_1.wav,15m,3.5m,106.0,74.0,우,왼쪽,False,False,False
2.이륜자동차_2486_1.wav,10m,2.3m,124.0,77.9,좌,왼쪽,False,False,False
2.이륜자동차_2487_1.wav,12m,3.3m,116.0,74.7,우,왼쪽,False,False,False
2.이륜자동차_2488_1.wav,10m,7.0m,74.0,68.1,우,오른쪽,True,False,False
2.이륜자동차_2489_1.wav,10m,4.6m,72.0,71.8,좌,오른쪽,False,True,False
2.이륜자동차_2491_1.wav,10m,15.2m,70.0,61.4,우,오른쪽,False,False,False
2.이륜자동차_2492_1.wav,10m,4.1m,72.0,72.7,우,왼쪽,False,True,False
2.이륜자동차_2493_1.wav,2m,3.9m,103.0,73.1,우,오른쪽,True,False,False
2.이륜자동차_2494_1.wav,10m,3.9m,89.0,73.1,우,왼쪽,False,False,False
2.이륜자동차_2495_1.wav,10m,2.9m,128.0,75.7,좌,왼쪽,False,False,False
2.이륜자동차_2498_1.wav,1m,4.8m,75.0,71.4,우,오른쪽,True,True,False
2.이륜자동차_2500_1.wav,15m,8.5m,69.0,66.4,우,왼쪽,False,True,False
2.이륜자동차_2504_1.wav,8m,4.4m,76.0,72.1,우,오른쪽,True,True,False
2.이륜자동차_2505_1.wav,2m,3.9m,84.0,73.2,우,오른쪽,True,False,False
2.이륜자동차_2506_1.wav,10m,2.2m,107.0,78.3,좌,왼쪽,False,False,False
2.이륜자동차_2510_1.wav,10m,2.4m,111.0,77.5,좌,왼쪽,False,False,False
2.이륜자동차_2512_1.wav,2m,1.5m,127.0,81.3,우,오른쪽,True,False,False
2.이륜자동차_2514_1.wav,10m,2.5m,109.0,76.9,좌,오른쪽,False,False,False
2.이륜자동차_2516_1.wav,2m,2.3m,121.0,77.7,우,오른쪽,True,False,False
2.이륜자동차_2521_1.wav,12m,15.0m,73.0,61.5,우,오른쪽,True,False,False
2.이륜자동차_2522_1.wav,12m,9.9m,73.0,65.1,우,오른쪽,True,False,False
2.이륜자동차_2524_1.wav,12m,10.7m,81.0,64.4,우,오른쪽,True,False,False
2.이륜자동차_2526_1.wav,12m,7.7m,72.0,67.3,우,오른쪽,True,True,False
2.이륜자동차_2528_1.wav,10m,1.9m,100.0,79.5,좌,왼쪽,False,False,False
2.이륜자동차_2531_1.wav,10m,2.2m,123.0,78.0,좌,왼쪽,False,False,False
2.이륜자동차_2532_1.wav,2m,2.8m,108.0,76.1,우,왼쪽,True,False,False
2.이륜자동차_2533_1.wav,10m,5.1m,73.0,70.8,우,왼쪽,True,True,False
2.이륜자동차_2536_1.wav,10m,2.3m,110.0,77.7,좌,왼쪽,False,False,False
2.이륜자동차_2537_1.wav,10m,4.7m,70.0,71.5,우,왼쪽,False,True,False
2.이륜자동차_2538_1.wav,10m,12.1m,72.0,63.3,우,오른쪽,True,False,False
2.이륜자동차_2539_1.wav,30m,18.0m,68.0,59.9,우,오른쪽,False,False,False
2.이륜자동차_2544_1.wav,11m,3.4m,121.0,74.4,우,오른쪽,False,False,False
2.이륜자동차_2548_1.wav,2m,3.5m,88.0,74.0,우,오른쪽,True,False,False
2.이륜자동차_2550_1.wav,45m,3.2m,124.0,74.9,우,왼쪽,False,False,False
2.이륜자동차_2551_1.wav,20m,6.0m,103.0,69.4,우,왼쪽,False,False,False
2.이륜자동차_2553_1.wav,11m,6.2m,69.0,69.2,우,오른쪽,True,True,False
2.이륜자동차_2556_1.wav,11m,8.1m,73.0,66.9,우,오른쪽,True,False,False
2.이륜자동차_2557_1.wav,5m,5.3m,81.0,70.5,우,오른쪽,True,False,False
2.이륜자동차_2559_1.wav,20m,6.2m,109.0,69.2,우,왼쪽,False,False,False
2.이륜자동차_2560_1.wav,10m,2.0m,125.0,79.0,우,오른쪽,False,False,False
2.이륜자동차_2562_1.wav,10m,2.4m,109.0,77.5,좌,왼쪽,False,False,False
2.이륜자동차_2563_1.wav,11m,11.0m,75.0,64.2,우,오른쪽,True,False,False
2.이륜자동차_2567_1.wav,10m,4.2m,93.0,72.4,우,왼쪽,False,False,False
2.이륜자동차_2568_1.wav,1m,8.3m,70.0,66.6,우,오른쪽,False,True,False
2.이륜자동차_2569_1.wav,1m,5.6m,83.0,70.0,우,오른쪽,True,False,False
2.이륜자동차_2573_1.wav,10m,8.3m,72.0,66.6,우,왼쪽,True,False,False
2.이륜자동차_2575_1.wav,10m,3.2m,123.0,75.0,좌,왼쪽,False,False,False
2.이륜자동차_2576_1.wav,10m,3.1m,107.0,75.1,좌,왼쪽,False,False,False
2.이륜자동차_2577_1.wav,12m,13.4m,72.0,62.5,우,오른쪽,True,False,False
2.이륜자동차_2580_1.wav,2m,2.6m,121.0,76.9,우,왼쪽,True,False,False
2.이륜자동차_2585_1.wav,11m,4.3m,73.0,72.4,우,오른쪽,False,True,False
2.이륜자동차_2586_1.wav,3m,1.0m,126.0,84.7,좌,왼쪽,True,False,False
2.이륜자동차_2587_1.wav,12m,38.1m,71.0,53.4,우,오른쪽,False,False,False
2.이륜자동차_2588_1.wav,10m,4.1m,110.0,72.8,우,오른쪽,False,False,False
2.이륜자동차_2589_1.wav,11m,12.3m,74.0,63.2,우,오른쪽,True,False,False
2.이륜자동차_2590_1.wav,30m,15.6m,75.0,61.2,우,왼쪽,False,False,False
2.이륜자동차_2591_1.wav,2m,2.3m,109.0,77.9,우,왼쪽,True,False,False
2.이륜자동차_2594_1.wav,12m,24.2m,69.0,57.3,우,왼쪽,False,False,False
2.이륜자동차_2595_1.wav,10m,2.1m,109.0,78.6,좌,왼쪽,False,False,False
2.이륜자동차_2596_1.wav,11m,7.6m,71.0,67.4,우,오른쪽,True,True,False
2.이륜자동차_2598_1.wav,12m,8.0m,72.0,67.0,우,오른쪽,True,False,False
2.이륜자동차_2599_1.wav,10m,13.8m,70.0,62.2,좌,오른쪽,True,False,False
2.이륜자동차_2600_1.wav,2m,2.2m,107.0,78.0,우,오른쪽,True,False,False
2.이륜자동차_2602_1.wav,15m,6.2m,82.0,69.1,우,왼쪽,False,False,False
2.이륜자동차_2603_1.wav,1m,7.2m,73.0,67.9,우,오른쪽,False,False,False
2.이륜자동차_2606_1.wav,10m,3.0m,106.0,75.5,우,오른쪽,False,False,False
2.이륜자동차_2608_1.wav,12m,1.7m,112.0,80.3,우,오른쪽,False,False,False
2.이륜자동차_2609_1.wav,1m,10.1m,73.0,64.9,우,오른쪽,False,False,False
2.이륜자동차_2610_1.wav,1m,2.1m,102.0,78.7,좌,왼쪽,True,False,False
2.이륜자동차_2611_1.wav,15m,6.6m,69.0,68.6,우,왼쪽,False,True,False
2.이륜자동차_2614_1.wav,1m,14.8m,73.0,61.6,우,왼쪽,False,False,False
2.이륜자동차_2617_1.wav,10m,2.3m,104.0,77.7,좌,오른쪽,False,False,False
2.이륜자동차_2618_1.wav,12m,12.4m,69.0,63.2,우,왼쪽,True,False,False
2.이륜자동차_2620_1.wav,11m,20.4m,75.0,58.8,우,오른쪽,False,False,False
2.이륜자동차_2624_1.wav,2m,3.3m,94.0,74.6,우,왼쪽,True,False,False
2.이륜자동차_2629_1.wav,2m,3.0m,111.0,75.4,우,오른쪽,True,False,False
2.이륜자동차_2631_1.wav,1m,2.7m,103.0,76.5,우,오른쪽,True,False,False
2.이륜자동차_2632_1.wav,1m,1.5m,122.0,81.4,좌,왼쪽,True,False,False
2.이륜자동차_2635_1.wav,20m,7.6m,75.0,67.4,우,왼쪽,False,False,False
2.이륜자동차_2636_1.wav,2m,2.9m,123.0,75.8,우,왼쪽,True,False,False
2.이륜자동차_2637_1.wav,10m,6.8m,72.0,68.4,우,오른쪽,True,True,False
2.이륜자동차_2638_1.wav,10m,13.4m,68.0,62.5,우,왼쪽,True,False,False
2.이륜자동차_2640_1.wav,10m,8.3m,68.0,66.6,좌,오른쪽,True,True,False
2.이륜자동차_2641_1.wav,11m,5.4m,92.0,70.4,우,오른쪽,False,False,False
2.이륜자동차_2645_1.wav,12m,10.6m,74.0,64.5,우,오른쪽,True,False,False
2.이륜자동차_2650_1.wav,10m,4.7m,74.0,71.6,우,왼쪽,False,True,False
2.이륜자동차_2652_1.wav,70m,3.1m,117.0,75.2,좌,왼쪽,False,False,False
2.이륜자동차_2653_1.wav,30m,17.0m,70.0,60.4,우,왼쪽,False,False,False
2.이륜자동차_2658_1.wav,10m,6.0m,106.0,69.5,좌,오른쪽,True,False,False
2.이륜자동차_2659_1.wav,1m,20.5m,74.0,58.7,우,왼쪽,False,False,False
2.이륜자동차_2660_1.wav,11m,20.1m,75.0,58.9,우,오른쪽,False,False,False
2.이륜자동차_2662_1.wav,2m,4.0m,71.0,73.0,우,왼쪽,True,True,False
2.이륜자동차_2663_1.wav,20m,14.6m,74.0,61.7,우,왼쪽,False,False,False
2.이륜자동차_2664_1.wav,10m,2.0m,111.0,79.0,좌,오른쪽,False,False,False
2.이륜자동차_2666_1.wav,1m,12.0m,73.0,63.4,우,오른쪽,False,False,False
2.이륜자동차_2667_1.wav,12m,11.4m,68.0,63.8,우,오른쪽,True,True,False
2.이륜자동차_2668_1.wav,11m,5.8m,68.0,69.7,우,오른쪽,False,True,False
2.이륜자동차_2671_1.wav,1m,6.2m,71.0,69.2,우,오른쪽,False,True,False
2.이륜자동차_2672_1.wav,11m,7.8m,73.0,67.2,우,오른쪽,True,False,False
2.이륜자동차_2675_1.wav,1m,11.4m,69.0,63.9,우,오른쪽,False,False,False
2.이륜자동차_2676_1.wav,1m,50m,70.0,50.8,우,왼쪽,False,False,False
2.이륜자동차_2677_1.wav,12m,5.1m,74.0,70.9,우,오른쪽,False,True,False
2.이륜자동차_2678_1.wav,11m,22.9m,69.0,57.8,우,오른쪽,False,False,False
2.이륜자동차_2679_1.wav,11m,14.3m,68.0,61.9,우,오른쪽,True,False,False
2.이륜자동차_2680_1.wav,10m,4.8m,71.0,71.4,우,왼쪽,False,True,False
2.이륜자동차_2683_1.wav,10m,3.8m,95.0,73.4,우,오른쪽,False,False,False
2.이륜자동차_2686_1.wav,12m,4.2m,69.0,72.5,우,왼쪽,False,True,False
2.이륜자동차_2691_1.wav,10m,2.9m,126.0,75.6,좌,왼쪽,False,False,False
2.이륜자동차_2693_1.wav,2m,3.2m,85.0,75.0,우,오른쪽,True,False,False
2.이륜자동차_2697_1.wav,10m,3.7m,85.0,73.7,좌,왼쪽,False,False,False
2.이륜자동차_2698_1.wav,11m,6.4m,69.0,68.9,우,오른쪽,True,True,False
2.이륜자동차_2699_1.wav,12m,3.7m,112.0,73.7,우,오른쪽,False,False,False
2.이륜자동차_2702_1.wav,10m,11.3m,74.0,64.0,우,오른쪽,True,False,False
2.이륜자동차_2704_1.wav,15m,1.7m,123.0,80.5,우,왼쪽,False,False,False
2.이륜자동차_2706_1.wav,8m,4.1m,75.0,72.7,우,오른쪽,True,True,False
2.이륜자동차_2708_1.wav,10m,6.9m,74.0,68.3,우,왼쪽,True,False,False
2.이륜자동차_2709_1.wav,10m,4.0m,88.0,72.9,좌,왼쪽,False,False,False
2.이륜자동차_2710_1.wav,2m,3.8m,77.0,73.4,우,오른쪽,True,True,False
2.이륜자동차_2712_1.wav,12m,23.4m,69.0,57.6,우,오른쪽,False,False,False
2.이륜자동차_2713_1.wav,11m,4.8m,82.0,71.4,우,오른쪽,False,False,False
2.이륜자동차_2714_1.wav,16m,4.8m,69.0,71.4,우,오른쪽,False,True,False
2.이륜자동차_2715_1.wav,1m,18.1m,70.0,59.9,우,왼쪽,False,False,False
2.이륜자동차_2716_1.wav,3m,1.6m,112.0,80.9,좌,오른쪽,True,False,False
2.이륜자동차_2717_1.wav,10m,5.2m,74.0,70.6,좌,오른쪽,True,True,False
2.이륜자동차_2718_1.wav,10m,8.2m,71.0,66.7,우,왼쪽,True,True,False
2.이륜자동차_2721_1.wav,10m,5.3m,69.0,70.5,좌,오른쪽,True,True,False
2.이륜자동차_2722_1.wav,1m,15.0m,69.0,61.5,우,오른쪽,False,False,False
2.이륜자동차_2724_1.wav,12m,6.7m,91.0,68.5,우,오른쪽,False,False,False
2.이륜자동차_2725_1.wav,16m,8.6m,71.0,66.3,우,오른쪽,False,True,False
2.이륜자동차_2726_1.wav,20m,2.5m,122.0,77.2,우,왼쪽,False,False,False
2.이륜자동차_2728_1.wav,2m,2.8m,108.0,76.2,우,왼쪽,True,False,False
2.이륜자동차_2730_1.wav,10m,4.5m,102.0,72.0,우,왼쪽,False,False,False
2.이륜자동차_2734_1.wav,11m,9.0m,71.0,65.9,우,오른쪽,True,False,False
2.이륜자동차_2735_1.wav,15m,3.5m,119.0,74.1,우,왼쪽,False,False,False
2.이륜자동차_2738_1.wav,11m,10.0m,74.0,65.0,우,오른쪽,True,False,False
2.이륜자동차_2740_1.wav,11m,4.9m,99.0,71.2,우,오른쪽,False,False,False
2.이륜자동차_2742_1.wav,10m,5.0m,73.0,71.0,우,왼쪽,True,True,False
2.이륜자동차_2744_1.wav,10m,4.7m,99.0,71.6,우,오른쪽,False,False,False
2.이륜자동차_2746_1.wav,16m,7.8m,73.0,67.2,우,오른쪽,False,False,False
2.이륜자동차_2751_1.wav,11m,2.8m,118.0,76.1,우,오른쪽,False,False,False
2.이륜자동차_2754_1.wav,10m,6.0m,68.0,69.5,우,왼쪽,True,True,False
2.이륜자동차_2755_1.wav,12m,6.7m,70.0,68.4,우,오른쪽,False,True,False
2.이륜자동차_2756_1.wav,3m,0.8m,104.0,86.7,좌,오른쪽,True,False,False
2.이륜자동차_2760_1.wav,11m,10.3m,68.0,64.7,우,오른쪽,True,True,False
2.이륜자동차_2762_1.wav,10m,7.8m,82.0,67.1,우,오른쪽,True,False,False
2.이륜자동차_2766_1.wav,11m,8.9m,70.0,66.0,우,오른쪽,True,True,False
2.이륜자동차_2767_1.wav,12m,6.3m,82.0,69.0,우,오른쪽,False,False,False
2.이륜자동차_2768_1.wav,2m,2.3m,103.0,77.7,우,왼쪽,True,False,False
2.이륜자동차_2769_1.wav,2m,2.5m,120.0,76.9,우,왼쪽,True,False,False
2.이륜자동차_2772_1.wav,11m,14.5m,69.0,61.8,우,오른쪽,True,False,False
2.이륜자동차_2773_1.wav,3m,1.2m,105.0,83.4,좌,오른쪽,True,False,False
2.이륜자동차_2774_1.wav,2m,4.1m,122.0,72.7,우,오른쪽,True,False,False
2.이륜자동차_2775_1.wav,10m,37.0m,75.0,53.6,우,오른쪽,False,False,False
2.이륜자동차_2776_1.wav,2m,1.4m,110.0,81.9,우,오른쪽,True,False,False
2.이륜자동차_2777_1.wav,2m,3.6m,105.0,73.9,우,오른쪽,True,False,False
2.이륜자동차_2778_1.wav,12m,7.3m,74.0,67.7,우,오른쪽,True,False,False
2.이륜자동차_2781_1.wav,10m,13.2m,73.0,62.6,우,오른쪽,True,False,False
2.이륜자동차_2783_1.wav,1m,10.6m,68.0,64.5,우,오른쪽,False,True,False
2.이륜자동차_2784_1.wav,3m,1.2m,122.0,83.4,좌,오른쪽,True,False,False
2.이륜자동차_2788_1.wav,2m,3.4m,126.0,74.4,우,왼쪽,True,False,False
2.이륜자동차_2789_1.wav,11m,9.8m,75.0,65.2,우,오른쪽,True,False,False
2.이륜자동차_2792_1.wav,15m,2.8m,106.0,76.2,우,왼쪽,False,False,False
2.이륜자동차_2795_1.wav,10m,2.3m,122.0,77.8,좌,왼쪽,False,False,False
2.이륜자동차_2798_1.wav,2m,3.5m,98.0,74.1,우,오른쪽,True,False,False
2.이륜자동차_2799_1.wav,1m,8.4m,68.0,66.5,우,왼쪽,False,True,False
2.이륜자동차_2800_1.wav,10m,3.6m,96.0,73.8,우,왼쪽,False,False,False
2.이륜자동차_2802_1.wav,10m,2.7m,109.0,76.3,좌,왼쪽,False,False,False
2.이륜자동차_2803_1.wav,1m,17.0m,72.0,60.4,우,왼쪽,False,False,False
2.이륜자동차_2804_1.wav,1m,7.6m,69.0,67.3,우,오른쪽,False,True,False
2.이륜자동차_2805_1.wav,11m,2.6m,127.0,76.7,우,오른쪽,False,False,False
2.이륜자동차_2808_1.wav,1m,1.9m,114.0,79.2,좌,왼쪽,True,False,False
2.이륜자동차_2809_1.wav,12m,2.9m,105.0,75.6,우,왼쪽,False,False,False
2.이륜자동차_2811_1.wav,12m,7.3m,75.0,67.8,우,오른쪽,True,False,False
2.이륜자동차_2814_1.wav,1m,5.7m,70.0,69.8,우,오른쪽,True,True,False
2.이륜자동차_2816_1.wav,20m,9.4m,72.0,65.5,우,왼쪽,False,False,False
2.이륜자동차_2819_1.wav,10m,6.4m,74.0,68.9,좌,오른쪽,True,False,False
2.이륜자동차_2822_1.wav,10m,1.9m,107.0,79.5,우,왼쪽,False,False,False
2.이륜자동차_2824_1.wav,12m,7.8m,74.0,67.1,우,오른쪽,True,False,False
2.이륜자동차_2828_1.wav,11m,26.4m,69.0,56.6,우,오른쪽,False,False,False
2.이륜자동차_2830_1.wav,20m,7.7m,75.0,67.2,우,왼쪽,False,False,False
2.이륜자동차_2831_1.wav,10m,10.3m,70.0,64.7,우,오른쪽,True,False,False
2.이륜자동차_2832_1.wav,15m,3.6m,126.0,73.9,우,왼쪽,False,False,False
2.이륜자동차_2833_1.wav,1m,4.2m,114.0,72.6,우,왼쪽,True,False,False
2.이륜자동차_2835_1.wav,11m,4.0m,88.0,72.9,우,오른쪽,False,False,False
2.이륜자동차_2838_1.wav,10m,3.3m,93.0,74.7,좌,왼쪽,False,False,False
2.이륜자동차_2839_1.wav,2m,2.4m,117.0,77.4,우,오른쪽,True,False,False
2.이륜자동차_2841_1.wav,15m,6.4m,69.0,68.9,우,왼쪽,False,True,False
2.이륜자동차_2842_1.wav,3m,1.0m,122.0,85.3,좌,오른쪽,True,False,False
2.이륜자동차_2844_1.wav,70m,2.0m,124.0,79.1,좌,왼쪽,False,False,False
2.이륜자동차_2846_1.wav,10m,2.3m,103.0,77.6,좌,왼쪽,False,False,False
2.이륜자동차_2847_1.wav,2m,2.1m,125.0,78.5,우,오른쪽,True,False,False
2.이륜자동차_2848_1.wav,10m,5.7m,126.0,69.8,우,오른쪽,True,False,False
2.이륜자동차_2849_1.wav,1m,1.2m,102.0,83.3,좌,왼쪽,True,False,False
2.이륜자동차_2852_1.wav,11m,6.7m,69.0,68.5,우,오른쪽,True,True,False
2.이륜자동차_2853_1.wav,11m,5.4m,100.0,70.3,우,오른쪽,False,False,False
2.이륜자동차_2857_1.wav,2m,2.2m,125.0,78.2,우,오른쪽,True,False,False
2.이륜자동차_2859_1.wav,10m,4.9m,88.0,71.3,우,왼쪽,False,False,False
2.이륜자동차_2860_1.wav,10m,6.6m,74.0,68.6,좌,오른쪽,True,False,False
2.이륜자동차_2861_1.wav,2m,2.4m,123.0,77.5,우,왼쪽,True,False,False
2.이륜자동차_2864_1.wav,12m,10.8m,74.0,64.3,우,오른쪽,True,False,False
2.이륜자동차_2865_1.wav,1m,21.5m,75.0,58.3,우,왼쪽,False,False,False
2.이륜자동차_2867_1.wav,2m,2.5m,100.0,77.0,우,오른쪽,True,False,False
2.이륜자동차_2869_1.wav,12m,2.4m,119.0,77.3,우,왼쪽,False,False,False
2.이륜자동차_2870_1.wav,11m,8.7m,74.0,66.2,우,오른쪽,True,False,False
2.이륜자동차_2871_1.wav,1m,18.8m,75.0,59.5,우,오른쪽,False,False,False
2.이륜자동차_2872_1.wav,10m,4.6m,70.0,71.8,우,왼쪽,False,True,False
2.이륜자동차_2873_1.wav,10m,2.4m,112.0,77.3,우,오른쪽,False,False,False
2.이륜자동차_2874_1.wav,2m,4.6m,73.0,71.7,우,오른쪽,True,True,False
2.이륜자동차_2875_1.wav,3m,1.8m,122.0,80.0,좌,오른쪽,True,False,False
2.이륜자동차_2876_1.wav,10m,5.2m,70.0,70.6,우,왼쪽,True,True,False
2.이륜자동차_2877_1.wav,10m,1.8m,105.0,79.9,좌,왼쪽,False,False,False
2.이륜자동차_2879_1.wav,10m,2.3m,107.0,77.8,좌,오른쪽,False,False,False
2.이륜자동차_2883_1.wav,3m,1.7m,123.0,80.5,좌,왼쪽,True,False,False
2.이륜자동차_2885_1.wav,10m,4.1m,68.0,72.7,좌,오른쪽,False,True,False
2.이륜자동차_2886_1.wav,1m,7.5m,118.0,67.5,우,오른쪽,False,False,False
2.이륜자동차_2888_1.wav,10m,5.3m,69.0,70.5,우,왼쪽,True,True,False
2.이륜자동차_2889_1.wav,10m,6.0m,76.0,69.4,우,왼쪽,True,False,False
2.이륜자동차_2890_1.wav,3m,2.4m,121.0,77.4,좌,왼쪽,True,False,False
2.이륜자동차_2892_1.wav,2m,3.7m,98.0,73.7,우,오른쪽,True,False,False
2.이륜자동차_2897_1.wav,1m,3.2m,118.0,74.9,우,오른쪽,True,False,False
2.이륜자동차_2900_1.wav,8m,4.4m,79.0,72.1,우,오른쪽,True,False,False
2.이륜자동차_2904_1.wav,2m,3.5m,111.0,74.2,우,오른쪽,True,False,False
2.이륜자동차_2906_1.wav,15m,2.7m,106.0,76.4,우,왼쪽,False,False,False
2.이륜자동차_2909_1.wav,10m,5.6m,69.0,70.0,좌,오른쪽,True,True,False
2.이륜자동차_2914_1.wav,5m,4.5m,68.0,71.9,우,오른쪽,True,True,False
2.이륜자동차_2919_1.wav,12m,8.6m,71.0,66.3,우,오른쪽,True,True,False
2.이륜자동차_2920_1.wav,10m,4.9m,94.0,71.1,우,오른쪽,False,False,False
2.이륜자동차_2922_1.wav,1m,1.8m,110.0,80.0,우,오른쪽,True,False,False
2.이륜자동차_2923_1.wav,2m,2.6m,99.0,76.8,우,왼쪽,True,False,False
2.이륜자동차_2925_1.wav,20m,8.4m,73.0,66.5,우,왼쪽,False,False,False
2.이륜자동차_2928_1.wav,2m,3.0m,114.0,75.6,우,오른쪽,True,False,False
2.이륜자동차_2930_1.wav,10m,9.0m,71.0,65.9,좌,오른쪽,True,False,False
2.이륜자동차_2937_1.wav,1m,6.7m,100.0,68.4,우,오른쪽,False,False,False
2.이륜자동차_2939_1.wav,10m,3.4m,102.0,74.4,좌,왼쪽,False,False,False
2.이륜자동차_2940_1.wav,12m,4.3m,96.0,72.4,우,왼쪽,False,False,False
2.이륜자동차_2941_1.wav,4m,19.7m,71.0,59.1,우,왼쪽,False,False,False
2.이륜자동차_2942_1.wav,12m,10.2m,93.0,64.8,우,오른쪽,True,False,False
2.이륜자동차_2944_1.wav,12m,11.8m,75.0,63.5,우,오른쪽,True,False,False
2.이륜자동차_2945_1.wav,1m,21.2m,70.0,58.5,우,왼쪽,False,False,False
2.이륜자동차_2947_1.wav,15m,3.3m,102.0,74.6,우,왼쪽,False,False,False
2.이륜자동차_2951_1.wav,11m,10.9m,71.0,64.2,우,오른쪽,True,False,False
2.이륜자동차_2952_1.wav,16m,11.4m,68.0,63.9,우,오른쪽,True,True,False
2.이륜자동차_2953_1.wav,10m,2.3m,113.0,77.8,좌,왼쪽,False,False,False
2.이륜자동차_2957_1.wav,10m,5.0m,69.0,71.1,우,왼쪽,False,True,False
2.이륜자동차_2958_1.wav,10m,7.1m,73.0,68.0,우,왼쪽,True,False,False
2.이륜자동차_2959_1.wav,1m,12.5m,70.0,63.0,우,오른쪽,False,False,False
2.이륜자동차_2964_1.wav,16m,4.0m,94.0,72.9,우,오른쪽,False,False,False
2.이륜자동차_2966_1.wav,2m,2.2m,130.0,78.2,우,오른쪽,True,False,False
2.이륜자동차_2968_1.wav,11m,8.9m,74.0,66.0,우,오른쪽,True,False,False
2.이륜자동차_2971_1.wav,3m,1.5m,114.0,81.7,좌,왼쪽,True,False,False
2.이륜자동차_2972_1.wav,2m,1.6m,123.0,80.8,우,오른쪽,True,False,False
2.이륜자동차_2974_1.wav,10m,3.0m,108.0,75.6,우,오른쪽,False,False,False
2.이륜자동차_2975_1.wav,10m,5.0m,69.0,71.1,좌,오른쪽,False,True,False
2.이륜자동차_2977_1.wav,11m,2.9m,118.0,75.8,우,오른쪽,False,False,False
2.이륜자동차_2978_1.wav,1m,21.5m,71.0,58.4,우,왼쪽,False,False,False
2.이륜자동차_2982_1.wav,3m,2.0m,111.0,79.2,좌,왼쪽,True,False,False
2.이륜자동차_2984_1.wav,10m,6.8m,68.0,68.3,우,왼쪽,True,True,False
2.이륜자동차_2985_1.wav,10m,8.8m,77.0,66.1,우,오른쪽,True,False,False
2.이륜자동차_2986_1.wav,10m,5.7m,71.0,69.8,우,왼쪽,True,True,False
2.이륜자동차_2987_1.wav,10m,4.4m,92.0,72.2,좌,오른쪽,False,False,False
2.이륜자동차_2989_1.wav,2m,3.6m,80.0,73.8,우,오른쪽,True,False,False
2.이륜자동차_2991_1.wav,1m,5.5m,79.0,70.2,우,왼쪽,True,False,False
2.이륜자동차_2993_1.wav,3m,4.7m,78.0,71.5,좌,오른쪽,True,False,False
2.이륜자동차_2994_1.wav,11m,8.2m,70.0,66.7,우,오른쪽,True,True,False
2.이륜자동차_2996_1.wav,1m,8.0m,71.0,67.0,우,오른쪽,False,True,False
2.이륜자동차_2997_1.wav,3m,0.9m,100.0,86.3,좌,오른쪽,True,False,False
2.이륜자동차_2998_1.wav,1m,4.2m,80.0,72.4,우,오른쪽,True,False,False
2.이륜자동차_2999_1.wav,12m,12.1m,69.0,63.3,우,오른쪽,True,False,False
2.이륜자동차_3000_1.wav,15m,1.1m,118.0,83.8,우,왼쪽,False,False,False
2.이륜자동차_3002_1.wav,1m,6.2m,75.0,69.2,우,오른쪽,False,False,False
2.이륜자동차_3003_1.wav,10m,4.7m,114.0,71.5,우,왼쪽,False,False,False
2.이륜자동차_3004_1.wav,10m,2.2m,107.0,78.2,좌,왼쪽,False,False,False
2.이륜자동차_3006_1.wav,10m,2.0m,100.0,78.8,좌,왼쪽,False,False,False
2.이륜자동차_3010_1.wav,20m,17.1m,72.0,60.3,우,왼쪽,True,False,False
2.이륜자동차_3013_1.wav,10m,4.4m,75.0,72.2,우,왼쪽,False,True,False
2.이륜자동차_3015_1.wav,11m,7.0m,72.0,68.1,우,오른쪽,True,True,False
2.이륜자동차_3016_1.wav,10m,2.1m,117.0,78.7,좌,왼쪽,False,False,False
2.이륜자동차_3019_1.wav,10m,1.6m,115.0,80.9,좌,오른쪽,False,False,False
2.이륜자동차_3020_1.wav,12m,7.9m,74.0,67.0,우,오른쪽,True,False,False
2.이륜자동차_3021_1.wav,1m,20.0m,71.0,59.0,우,왼쪽,False,False,False
2.이륜자동차_3024_1.wav,11m,3.2m,96.0,74.8,우,오른쪽,False,False,False
2.이륜자동차_3025_1.wav,20m,1.9m,116.0,79.3,좌,왼쪽,False,False,False
2.이륜자동차_3028_1.wav,10m,4.4m,77.0,72.2,우,왼쪽,False,True,False
2.이륜자동차_3029_1.wav,20m,5.0m,70.0,71.1,우,왼쪽,False,True,False
2.이륜자동차_3033_1.wav,15m,10.0m,73.0,65.0,우,왼쪽,True,False,False
2.이륜자동차_3034_1.wav,16m,7.6m,71.0,67.4,우,오른쪽,False,True,False
2.이륜자동차_3035_1.wav,2m,2.5m,126.0,76.9,우,왼쪽,True,False,False
2.이륜자동차_3036_1.wav,2m,3.6m,74.0,73.9,우,오른쪽,True,True,False
2.이륜자동차_3037_1.wav,12m,2.3m,126.0,78.0,우,왼쪽,False,False,False
2.이륜자동차_3039_1.wav,11m,6.9m,69.0,68.2,우,오른쪽,True,True,False
2.이륜자동차_3040_1.wav,10m,2.1m,109.0,78.6,좌,왼쪽,False,False,False
2.이륜자동차_3042_1.wav,15m,4.9m,93.0,71.2,우,왼쪽,False,False,False
2.이륜자동차_3044_1.wav,10m,9.7m,70.0,65.3,우,왼쪽,True,True,False
2.이륜자동차_3045_1.wav,1m,7.6m,74.0,67.3,우,오른쪽,False,False,False
2.이륜자동차_3047_1.wav,20m,4.3m,74.0,72.4,우,왼쪽,False,True,False
2.이륜자동차_3049_1.wav,12m,4.8m,75.0,71.4,우,왼쪽,False,True,False
2.이륜자동차_3051_1.wav,10m,3.0m,116.0,75.4,좌,왼쪽,False,False,False
2.이륜자동차_3052_1.wav,15m,2.1m,113.0,78.5,우,왼쪽,False,False,False
2.이륜자동차_3053_1.wav,10m,2.0m,105.0,78.9,좌,왼쪽,False,False,False
2.이륜자동차_3054_1.wav,11m,2.3m,120.0,77.6,우,오른쪽,False,False,False
2.이륜자동차_3055_1.wav,12m,12.0m,75.0,63.4,우,오른쪽,True,False,False
2.이륜자동차_3056_1.wav,12m,4.2m,106.0,72.4,우,오른쪽,False,False,False
2.이륜자동차_3057_1.wav,2m,3.6m,103.0,73.9,우,오른쪽,True,False,False
2.이륜자동차_3058_1.wav,12m,5.3m,69.0,70.5,우,왼쪽,False,True,False
2.이륜자동차_3059_1.wav,12m,2.7m,121.0,76.5,우,왼쪽,False,False,False
2.이륜자동차_3060_1.wav,2m,2.7m,122.0,76.3,우,왼쪽,True,False,False
2.이륜자동차_3061_1.wav,20m,5.7m,70.0,69.8,우,왼쪽,False,True,False
2.이륜자동차_3062_1.wav,3m,1.2m,118.0,83.1,좌,오른쪽,True,False,False
2.이륜자동차_3063_1.wav,3m,2.0m,125.0,79.0,좌,오른쪽,True,False,False
2.이륜자동차_3064_1.wav,12m,9.3m,69.0,65.6,우,오른쪽,True,True,False
2.이륜자동차_3066_1.wav,2m,3.0m,117.0,75.5,우,오른쪽,True,False,False
2.이륜자동차_3069_1.wav,11m,5.6m,69.0,70.1,우,오른쪽,False,True,False
2.이륜자동차_3072_1.wav,16m,4.8m,100.0,71.3,우,오른쪽,False,False,False
2.이륜자동차_3076_1.wav,10m,2.1m,104.0,78.6,좌,왼쪽,False,False,False
2.이륜자동차_3078_1.wav,11m,19.5m,71.0,59.2,우,오른쪽,False,False,False
2.이륜자동차_3081_1.wav,5m,4.2m,74.0,72.5,우,오른쪽,True,True,False
2.이륜자동차_3082_1.wav,1m,4.9m,118.0,71.1,우,왼쪽,True,False,False
2.이륜자동차_3083_1.wav,10m,1.0m,113.0,85.1,좌,왼쪽,False,False,False
2.이륜자동차_3085_1.wav,20m,11.0m,71.0,64.2,우,왼쪽,False,False,False
